1.070215 2.419121 2.278385 2.337951 
-1.018884 0.322557 -0.830287 2.541006 
1.611575 -1.094424 2.256398 3.330813 
-1.128716 5.133314 2.018383 3.227412 
1.435326 0.124435 4.341973 2.419558 
2.282610 4.101964 0.093485 3.141468 
6.383455 3.943682 0.116324 1.438547 
6.650128 4.306525 5.329901 2.537559 
-1.150834 2.180206 0.857138 4.180163 
4.338931 1.862538 1.771679 0.850800 
2.871575 3.868745 1.408030 4.691844 
0.877573 1.493469 3.156092 4.277262 
3.073908 3.476799 2.514510 2.560140 
4.869440 0.283816 1.620525 1.509743 
2.379578 1.399540 0.125724 5.139840 
4.993776 2.155896 2.321776 0.706800 
0.970281 2.347990 2.072749 1.565771 
3.099214 1.882269 6.335531 -2.810513 
2.232546 1.853778 3.796294 2.115612 
4.881559 4.015806 3.296736 3.054552 
2.073960 4.662767 2.002030 2.680874 
2.125183 2.946259 7.863603 2.864982 
-0.960209 2.361788 -0.708163 0.002653 
3.403290 2.103122 5.081458 3.507347 
0.948650 1.928637 3.077711 2.507533 
1.984149 2.896889 0.199946 3.832475 
2.859066 2.022825 2.251526 1.311852 
2.347316 -1.058154 -0.014578 4.281456 
-1.058038 3.229429 -0.049516 1.354933 
3.700456 4.581759 -0.377010 2.122062 
0.238518 1.182067 2.677716 3.885654 
1.115708 0.847262 3.161804 0.611013 
1.251023 2.458588 1.676435 1.915757 
3.913543 4.354108 3.443459 -0.703904 
0.251247 1.565422 1.659639 3.101195 
2.354992 1.396870 -1.368267 2.507528 
1.539402 0.386644 2.420487 2.592285 
2.313724 0.701760 4.575771 2.611516 
-0.095642 1.429588 0.922295 3.444151 
1.395808 0.512518 3.024057 -0.009004 
1.808557 2.650937 3.707413 -0.544646 
4.728922 1.369192 2.495542 0.794865 
0.521129 1.888575 5.490480 -0.540533 
1.322496 4.498208 4.390198 1.798666 
2.135107 3.319255 1.297579 2.600787 
0.066462 1.037980 0.456628 0.976861 
1.815982 2.610190 4.666310 2.213352 
4.352795 1.805273 -2.660396 1.913700 
-1.481321 2.894315 -1.184672 0.294078 
2.880950 6.599303 2.481924 0.394599 
-1.488499 -0.055241 0.682192 4.361318 
17.175445 14.036523 14.387969 17.639401 
19.750292 16.385341 16.370769 15.686992 
18.070623 17.158451 17.778695 16.581887 
16.996984 16.555896 13.262207 14.081919 
15.732710 13.082987 13.220136 13.421106 
17.264616 18.159907 13.946714 15.756534 
14.065977 17.906975 16.637043 15.356202 
17.868701 17.248439 14.775937 14.139567 
15.445950 15.417670 19.793726 14.154823 
13.316511 14.462834 23.365222 15.776205 
17.150072 13.992619 17.303571 15.285968 
16.385375 12.153185 15.448339 16.324635 
15.256554 14.986479 17.417778 19.056340 
17.993967 13.754464 16.217534 14.936936 
17.831719 15.671241 15.121827 16.111060 
16.397196 13.408576 17.224013 16.895242 
15.466135 13.970421 14.760795 17.326541 
18.046088 14.324833 14.794818 11.829101 
18.212882 15.040360 14.187928 12.635214 
13.213109 14.849382 16.812276 14.036619 
18.431130 20.253228 14.454661 16.654159 
17.704081 14.483062 17.517010 16.591047 
16.098428 13.114973 12.549713 15.372682 
16.970833 12.445801 16.145356 15.957374 
17.437353 13.570877 13.973531 16.705552 
14.449704 17.595721 13.232072 16.829464 
16.884023 14.439998 14.546115 11.583628 
16.099198 12.867118 21.441882 16.261397 
16.893772 12.452284 16.671997 17.848966 
14.972430 15.332974 15.986333 15.649152 
16.476144 15.231850 17.446358 15.258714 
17.101478 16.865189 16.571541 16.658014 
18.787424 14.520447 16.678401 17.783738 
13.270047 15.309985 18.862755 16.776473 
11.283204 16.027277 18.872743 10.892281 
14.114321 15.208146 15.414608 18.787386 
16.479404 15.297475 15.654199 15.552567 
16.485950 17.936332 18.354021 18.202458 
17.922076 16.911443 20.281326 15.892274 
17.007716 13.950434 17.141826 14.030509 
16.246220 13.820249 18.214162 15.566649 
12.479186 15.049540 14.924399 15.695833 
15.164827 16.202924 14.665717 19.232252 
15.088793 14.514719 17.307794 15.869758 
11.445631 15.260856 16.975084 15.951839 
14.138290 20.944292 9.519642 15.187437 
14.741928 18.174238 12.379885 16.769067 
16.143643 14.736390 20.233909 16.536565 
16.111467 17.417551 15.822253 17.360478 
17.013630 16.533247 16.215507 17.074471 
31.739911 35.461456 33.214120 32.220110 
30.963120 29.705158 31.173781 33.382947 
28.772274 29.860493 35.047757 32.506207 
30.233984 34.858998 33.045660 26.913100 
32.648110 33.347130 29.193590 28.196461 
28.046625 32.840629 31.446096 32.582593 
36.501936 33.000474 32.597783 29.735431 
31.418326 30.149479 30.895428 32.142867 
31.031902 34.270520 31.007765 33.397920 
32.559941 30.916916 30.370005 29.935222 
33.753275 30.788018 34.456017 32.618876 
31.892754 30.160874 34.401920 32.778923 
31.691358 31.156798 33.730461 28.532886 
33.303746 30.907272 30.676892 32.111923 
30.778642 32.466845 33.411263 30.482119 
32.224523 34.810309 32.471937 29.639052 
30.153886 33.503775 34.042967 33.583851 
31.997679 30.183688 31.620782 33.839640 
31.170817 31.542565 29.549271 32.501994 
29.032466 34.176050 30.492780 32.849613 
32.737930 33.251913 37.562623 33.134952 
31.290496 35.585203 32.089925 34.687873 
35.545933 30.898514 33.171118 31.773672 
32.934460 32.670179 31.204370 29.151386 
30.409576 30.419994 34.214950 33.162696 
30.392915 30.057000 29.963679 29.935912 
34.777954 33.583508 33.012126 31.512067 
29.653140 33.557410 32.393600 33.753797 
34.078992 33.978722 34.863538 33.244049 
29.583945 29.544099 33.507456 32.492981 
37.269137 32.749357 27.561470 32.693119 
30.985151 27.564851 29.409826 33.031778 
32.633484 31.380909 36.469482 30.174844 
34.599520 32.664078 32.648560 35.200508 
32.650503 33.231724 34.323974 31.153664 
31.855941 33.481866 31.046660 31.770724 
31.014394 31.581806 30.269445 38.168764 
34.537804 31.605581 31.660118 31.533444 
34.776861 33.303183 36.508669 29.611966 
35.486202 33.212697 28.933512 33.830488 
34.628900 33.614601 29.863949 32.936918 
34.652910 33.426825 29.865875 31.423466 
29.881957 30.338188 31.191837 28.669604 
31.321867 33.810061 30.475223 30.432585 
32.613565 30.489958 32.785810 35.321581 
28.541149 29.354553 32.972697 35.609076 
30.494128 32.043020 28.661911 32.519701 
29.048767 30.462508 27.750575 32.509536 
31.805437 31.385905 29.553565 29.353517 
30.975043 31.728127 33.866249 30.968586 
62.987775 63.882748 62.943566 65.680230 
63.716267 66.021683 62.625017 63.286846 
64.896821 64.182714 66.028566 62.754599 
64.579272 66.019573 65.271515 63.443011 
65.159703 68.004749 62.808684 62.462882 
64.168036 63.765756 62.123369 67.263914 
64.884462 61.786601 64.670890 63.136069 
64.741419 63.443954 64.665930 69.022769 
67.009882 67.171415 62.151871 62.596312 
61.019759 61.271678 59.598604 65.197480 
66.976178 65.134872 67.265526 65.923391 
66.797438 65.446196 64.395435 60.382105 
62.867438 62.081880 63.631305 66.835505 
63.105981 64.742389 63.002785 65.047688 
66.580545 61.066879 68.524525 65.525907 
61.583030 62.122048 63.822486 64.811888 
62.209572 61.316166 62.966160 62.437690 
62.535099 61.383923 65.073550 64.307233 
70.114392 65.525075 63.856316 67.669780 
63.625640 63.817024 64.010325 64.506410 
65.562672 62.575273 61.286145 66.971366 
63.251897 64.202400 62.208098 63.715493 
63.484127 62.247994 63.961201 62.474582 
65.827223 61.496214 68.699474 64.375498 
59.012464 61.305967 59.228953 66.032908 
63.967884 62.682055 63.504664 64.629465 
61.391475 61.809668 67.066819 62.840466 
62.500376 64.368914 62.464190 62.048672 
67.341740 64.152542 61.144193 64.903807 
64.880850 62.147944 61.964251 66.244387 
68.671403 62.881995 63.536686 63.658443 
63.767994 61.736434 66.996198 62.951654 
68.849233 62.128668 62.461217 62.807274 
64.503008 65.280817 63.322615 66.151938 
61.148385 62.114369 64.003007 68.862714 
60.981786 62.738708 62.373147 64.035882 
65.719955 66.881321 63.966176 64.586616 
63.949917 63.506278 63.201976 66.073447 
63.503573 64.856288 62.807497 63.381507 
63.838454 59.539244 63.187303 61.916627 
62.452764 61.694848 67.264615 64.383274 
67.199147 64.320599 60.717704 65.360253 
67.536912 63.182319 62.091204 63.360435 
63.639460 63.873816 63.983412 62.643013 
62.853873 67.786210 65.161251 65.374066 
64.681837 65.804495 62.426056 66.191382 
66.330094 65.325717 64.170185 59.922845 
68.466877 67.422486 62.584095 65.542917 
64.610745 58.953177 63.830594 61.071031 
