-0.019119 10.650256 10.548201 7.981494 17.192663 11.805116 15.753496 8.174960 4.868721 15.820938 
0.523791 12.235747 9.719463 11.791851 16.363827 8.932442 12.184601 12.942667 4.701238 14.847292 
-0.586947 10.219211 10.047002 11.088030 9.589371 8.229960 7.975596 10.157611 2.867668 10.799850 
-0.647863 11.620729 11.678696 8.766040 5.708756 15.447016 8.983925 5.345865 9.733443 6.232173 
0.416112 6.716761 16.461425 13.382825 9.764291 8.321712 11.197711 9.691791 13.106893 5.323688 
1.184040 15.897189 6.150561 2.619293 7.642776 11.110991 7.822353 12.885054 6.737369 14.446667 
-0.613252 11.891464 10.831970 9.032136 9.941926 12.924862 2.745127 9.792465 9.958333 11.797989 
-1.030197 10.843269 9.077943 9.992827 16.328032 5.690035 11.791783 7.159711 13.177714 10.391164 
-0.734393 13.413940 19.167548 7.167119 8.099995 8.083719 15.556797 9.696541 5.180891 6.133118 
-0.237827 12.424245 9.757225 17.179829 6.575303 9.646755 2.569717 9.854773 6.632740 14.062260 
-1.068666 9.563315 18.982324 12.884438 10.470550 5.167475 20.181495 12.812683 13.725588 18.420667 
0.860095 8.612539 9.280523 10.322830 4.405933 10.734842 10.269379 4.096930 12.800297 12.593175 
0.982014 16.429783 9.975219 12.737195 9.223930 16.516018 13.659604 6.952585 7.756436 9.573518 
0.833407 12.266355 9.997848 8.785321 3.399968 2.833267 12.602996 13.658660 12.115479 9.838464 
0.825249 6.619561 15.123944 13.720867 18.244385 10.886496 0.542185 6.343891 20.865706 9.707973 
0.746423 10.206946 4.583470 7.771915 1.318418 9.191902 0.252334 8.813133 15.207591 7.942465 
-1.093068 12.414471 7.880444 7.039603 14.600310 7.681533 7.597518 7.718067 15.171179 8.289513 
-0.726664 12.056642 1.904145 9.519987 9.437757 8.617455 7.569476 9.744669 -1.382517 10.122559 
0.187978 6.742115 10.512924 13.353156 10.613691 13.281469 4.452015 11.079689 10.964036 9.534930 
-0.499087 7.395152 7.135082 2.517843 10.955957 8.621700 12.638204 6.829097 11.873405 17.656282 
-1.621888 15.982414 9.871501 2.676119 10.755522 3.423108 13.068041 7.696110 14.995897 12.415474 
-0.297300 18.337762 8.679671 12.874696 14.790283 5.678010 11.298890 6.984574 6.542377 12.386064 
0.578573 8.191452 7.674216 7.410678 13.204793 6.940259 7.998167 9.727247 15.508250 14.527338 
-0.746254 5.601299 6.677321 8.186836 9.278178 10.502159 6.889657 8.059402 1.034838 3.356921 
-2.154863 3.058857 12.751528 11.109966 5.955235 8.309950 14.815899 8.878641 11.099336 14.829793 
-0.509290 10.594877 9.112476 10.496662 7.581232 8.609469 11.131365 9.203766 9.243570 9.585121 
0.548522 12.515672 5.989739 4.725483 11.978697 7.403486 8.257713 12.251341 9.980006 12.614163 
0.361889 7.911068 5.742489 12.002705 0.971323 9.574616 6.484549 7.730524 12.803273 6.174028 
-1.716641 10.721338 8.591630 5.835189 6.050788 16.716071 9.018752 8.577842 14.461314 10.492507 
1.014941 10.337385 9.473179 8.434135 12.263643 15.137435 12.635884 8.418275 1.984076 13.655701 
-2.448017 10.557511 12.072111 3.809959 9.419099 12.228109 3.752013 9.100173 6.491981 10.653666 
-2.035041 18.390405 11.674004 14.433458 15.843766 10.396127 15.233069 14.031364 11.756417 11.879870 
-1.612312 16.151837 17.456271 6.695866 12.610944 15.767505 8.744027 10.445373 9.028999 12.068250 
-0.292082 8.166323 9.089948 12.597724 4.257400 3.290781 12.497821 5.975841 7.278967 12.952106 
1.034992 2.612008 10.320103 12.843684 7.055773 17.775697 7.095347 4.173645 14.590774 10.036002 
1.001373 8.454946 9.153588 3.460757 9.307246 10.752377 3.821444 6.994576 4.464154 14.286937 
-0.074512 5.303424 3.017653 7.963621 8.146724 11.566893 11.848930 5.221520 10.787543 11.749279 
0.860326 12.010240 9.632232 10.279642 13.782720 9.614689 7.176468 4.134899 20.770294 12.134333 
2.096335 13.509167 9.601896 7.133663 18.618122 8.414389 19.255502 6.810986 8.571402 8.494420 
-0.309518 10.544256 10.791346 14.181681 11.914736 17.746899 9.687510 11.007810 17.268916 5.380776 
0.851081 2.146697 9.904055 8.383096 12.480465 5.376383 11.269253 7.973616 15.578999 7.911637 
1.251389 18.441398 3.803191 17.353939 9.560331 9.889594 16.614751 14.003935 15.820352 13.584437 
-1.857954 6.816730 9.235629 13.395204 10.245022 6.527821 2.344866 11.523051 4.340276 10.500879 
-0.209461 6.536848 13.278691 5.907216 17.768608 6.101700 9.557503 14.029536 6.464175 9.758311 
1.420292 16.168890 4.685566 14.064918 12.062367 15.112196 11.305930 9.516347 10.358827 15.194228 
-0.625143 4.155580 8.089058 14.477899 15.084613 14.679368 2.608978 9.002335 17.299736 19.030232 
0.594280 10.944267 9.520190 6.443165 13.592405 12.221126 10.999651 14.009095 6.820431 11.567093 
-0.512648 13.732125 9.048856 11.500527 13.214169 13.871119 10.840844 13.708461 10.465214 9.585539 
-0.090572 14.934720 10.397240 12.920872 11.379077 2.182496 6.854552 9.473463 14.188285 19.409201 
-1.442417 11.678245 6.121981 16.432484 7.880500 17.224855 4.758973 4.812115 9.229829 11.617511 
-0.484546 16.017039 14.921568 12.978586 11.210146 12.214591 12.859441 8.696468 12.970889 14.592900 
-0.882257 6.027665 10.435049 8.032684 2.916533 13.863420 13.330885 1.774815 15.037479 14.631690 
1.195998 6.642777 14.522042 11.653022 10.437675 9.717741 9.595265 11.788942 5.339700 10.800082 
-0.116499 12.933058 15.656530 1.310884 16.115420 8.578304 0.995141 8.262606 12.178099 6.385012 
-0.485128 11.242952 8.806210 10.995566 11.686679 5.785389 13.237854 5.016586 3.423305 -2.508668 
1.260436 12.839892 8.347140 11.333277 8.806566 1.430252 6.075655 8.551394 8.119537 4.391380 
0.937278 10.142846 12.398837 10.908688 12.195430 12.033862 7.888133 13.379095 3.873373 13.778946 
0.868067 2.629975 11.079198 7.737373 8.346282 8.152802 7.728887 4.281667 8.743455 3.230736 
1.423370 11.637240 6.560490 10.905763 14.674083 5.982478 10.957926 19.003426 6.769161 9.675292 
-0.289499 9.186778 10.947780 14.988263 1.875208 11.874257 12.512989 12.538424 13.297174 10.278998 
0.355905 9.612133 11.064899 7.082602 11.569163 6.396071 9.880165 14.957915 10.918251 10.261178 
2.045201 20.078495 6.420482 10.228683 6.368068 16.111728 9.539678 8.943346 10.506915 16.279797 
-0.762997 1.147113 9.422228 6.257536 10.415894 14.994358 12.967502 11.348561 17.419650 10.340071 
-0.042348 9.003143 0.789992 17.491324 11.090996 10.120246 10.175495 7.502618 6.181256 8.943738 
1.050415 14.103024 20.071021 4.375339 5.471722 6.355220 11.441844 6.802903 6.812062 7.831563 
-0.039529 4.542399 7.054526 9.843247 8.459583 8.299760 11.622058 12.135062 4.523029 15.001990 
-0.296137 10.314491 15.622560 3.223139 15.142833 6.243753 11.178253 3.353249 8.673406 11.261115 
-1.816378 6.423413 1.351530 8.079970 12.640999 7.089582 5.649345 11.606556 5.261530 6.253288 
0.045465 -0.239591 7.929665 4.157513 3.860045 16.589960 8.441679 6.612202 2.822761 14.597690 
-0.704275 12.099787 3.118952 4.862210 7.849496 10.292361 9.786329 8.470679 19.096336 8.042709 
1.321269 12.954396 14.966716 14.205618 9.503276 7.741941 15.137420 13.019555 7.436799 13.731659 
0.479142 7.673795 11.054256 7.441820 9.045046 7.737336 9.471208 7.673693 7.699137 10.235405 
0.381761 17.195647 8.401105 6.474056 2.504659 10.597264 12.649993 1.196667 8.381339 5.786196 
-1.571690 4.136895 10.917521 14.224971 11.878958 7.778747 14.370804 1.779083 6.938084 10.886116 
-0.834221 4.481658 17.628887 15.380633 7.651090 15.019043 11.070215 15.990335 11.810902 8.380843 
0.930336 11.690849 12.335245 7.793692 6.789956 14.583692 0.247421 20.023170 14.440843 14.256741 
-0.095480 7.760585 7.312287 14.155600 11.461775 15.688932 6.474203 14.834970 11.211013 6.204437 
1.942085 15.436764 10.060483 6.291245 15.925269 5.839257 5.599802 10.990262 10.535984 12.035012 
-0.897445 8.183037 7.273545 16.060331 9.736276 9.784857 15.175975 15.569488 4.164886 7.475942 
0.166638 10.252135 11.133558 11.311359 15.364531 6.982167 4.107051 0.539076 11.074871 6.367285 
0.407782 12.667867 8.487199 13.046575 10.612165 13.283681 7.139321 14.946874 2.314829 3.896193 
-0.959884 20.615620 5.335243 12.971934 11.001925 12.785686 12.462239 12.506064 14.236984 7.905422 
0.250457 8.140242 5.324300 9.575580 11.599756 11.629732 2.634144 9.013590 0.644602 10.816931 
-0.207987 11.286140 11.939720 10.410249 9.201014 15.368803 10.467933 9.341063 10.837143 6.902089 
0.561766 6.243519 13.615222 7.702365 8.752206 17.878324 11.678494 9.044883 2.169916 17.402393 
-0.895364 13.364158 8.333894 15.158367 9.668950 4.948559 14.674443 13.608127 8.580062 3.781641 
-0.193327 11.008874 14.226495 11.938608 12.740092 6.925433 6.403310 11.576716 10.990281 6.177376 
-1.537123 2.256740 11.168217 -1.847890 13.972620 14.731438 7.982539 7.959734 10.095253 10.493912 
-1.480408 4.140536 12.451069 6.746207 10.491302 3.246841 21.655307 7.569139 10.525884 1.774907 
0.901891 7.949448 9.734680 1.503611 8.698599 12.551603 14.561081 9.077636 6.195857 11.860361 
-0.829161 9.487852 6.480987 12.093361 5.748306 13.139003 11.862524 6.880773 7.009571 12.815426 
-0.661505 2.917199 13.006474 3.817930 12.226044 18.770448 8.128172 12.725809 10.457074 6.058713 
0.129110 10.469234 13.419649 10.041258 5.158522 7.129773 8.734229 10.451819 16.252458 12.154742 
0.373911 13.482031 14.356376 12.103311 11.228041 19.428842 17.099860 4.676240 5.268481 17.386590 
-0.298068 1.270249 7.041906 7.113925 7.289795 11.409887 11.243055 9.193969 9.355721 16.985576 
-0.560383 10.471399 14.133418 9.861672 10.458974 8.511810 16.105970 14.980746 7.507739 6.375012 
-0.751443 10.658567 7.953846 10.520143 7.153890 15.727860 -1.205567 11.148699 14.752119 11.748555 
0.904408 11.636379 9.664539 13.239367 5.256522 5.313656 7.472422 16.838130 15.471372 11.568987 
0.095257 8.168439 4.471082 13.586519 8.606568 12.536351 8.645471 7.093532 8.584394 10.681834 
0.484344 9.268776 9.449779 3.698562 11.271502 13.726109 17.299906 17.419547 12.826629 8.622414 
0.491568 17.565419 10.140827 13.832932 12.690360 10.250699 15.900950 16.551543 12.333068 6.120133 
-0.113547 19.069753 9.021505 17.679805 10.617410 9.789923 2.912573 17.659907 4.213722 6.972773 
1.534975 14.871904 7.520646 -1.713878 14.478171 12.486319 11.144719 12.454881 -1.758579 7.331793 
0.049233 10.929488 13.830525 9.810228 4.763042 15.698465 20.650273 10.809288 6.539498 11.182119 
-0.187196 15.236749 18.169321 5.092003 16.367491 12.090773 14.500295 11.613085 7.963123 10.954464 
0.439713 4.568356 5.360687 16.317757 10.562181 10.321545 10.913232 11.799740 8.348602 6.042062 
1.182250 14.757946 7.593665 12.971264 14.756326 6.708794 10.066162 8.953637 14.633069 7.091366 
-0.104552 17.894317 14.384628 7.455049 3.217509 9.178524 10.484342 6.089066 14.338241 19.714056 
-0.757179 0.258207 10.248192 5.959127 8.989304 10.353559 13.830962 7.400552 14.998175 10.313642 
1.231938 5.714404 14.601213 13.062123 13.308440 11.220148 17.039190 3.802435 14.922704 8.840886 
-1.259703 12.869584 8.765124 4.805060 14.074516 6.804655 12.490715 11.915472 -0.306849 14.527301 
-0.472912 9.520828 11.243835 7.409682 11.608071 8.739662 5.107020 13.781299 9.870903 6.489647 
1.349235 6.250571 5.963801 10.268585 4.860945 10.492672 11.646666 6.219032 3.626002 4.855028 
-0.014099 14.796762 10.128954 6.098382 3.790811 13.328898 11.380076 6.149682 11.639595 9.833331 
-2.182752 7.221711 9.601565 7.940833 6.902957 16.030740 10.652223 10.849203 3.975399 7.381002 
-0.601502 17.422923 12.876668 10.386135 11.765125 7.563952 11.285188 8.542364 14.524295 5.508000 
-0.238855 8.362328 7.785073 12.816406 10.752435 6.585551 14.300726 7.146907 2.482183 12.452615 
-1.523584 12.234824 7.119636 5.616339 11.890219 11.419476 15.023526 13.886129 15.064123 9.516376 
-0.523685 6.446199 11.102383 9.586202 6.604906 12.207765 11.443772 12.524142 4.096185 8.669667 
-0.018293 12.382703 11.655927 8.794992 12.351444 7.212693 9.608493 10.303848 11.281782 13.481727 
0.261175 6.358053 7.600885 10.749459 4.439913 9.058848 9.724679 10.329591 11.671020 16.511599 
-0.253650 11.028668 9.551059 7.579306 7.102501 9.674543 9.157394 10.933259 13.244229 8.715228 
-0.893847 19.035521 17.129196 12.457219 14.220730 8.215175 12.599585 14.465206 9.079767 13.815007 
-0.209258 17.435456 10.698587 14.397813 13.278522 14.917502 6.325572 7.843248 2.731232 6.671706 
0.104926 9.324024 8.656759 14.220542 4.270694 9.354789 17.611472 13.960233 14.499240 13.903315 
-0.767342 4.282517 13.919776 9.259394 8.054418 7.777687 12.503073 4.111309 12.047822 14.203830 
-0.879711 9.826225 16.354437 13.893411 16.603316 13.466879 13.696290 7.403927 15.823641 11.641293 
0.125690 6.976261 11.143731 13.332255 10.248389 11.524715 12.889479 11.204310 7.253087 5.708855 
1.273169 8.542971 7.193114 13.157488 1.211671 15.390159 18.383982 9.308585 12.172256 9.770588 
0.275482 11.055370 10.546916 2.564417 3.175779 15.547693 11.545975 22.647113 5.138370 8.586842 
0.021935 17.804930 8.471703 7.369537 8.724681 7.594761 12.817402 14.074767 14.949901 14.480337 
2.476984 11.631296 11.039005 8.985856 13.067392 7.315507 12.630281 9.594202 9.184492 10.575728 
0.161450 4.032766 8.583671 9.905890 11.092965 5.064356 6.760219 10.810715 5.908481 14.061737 
-0.620221 16.389728 8.228591 13.827838 5.364931 15.657411 12.543750 6.127597 9.799534 10.245339 
-0.616934 7.215357 5.436793 11.427566 3.713177 10.481674 14.266944 10.424852 11.126904 5.825596 
2.303868 7.959968 9.559032 11.852418 10.989130 6.521390 11.586381 11.318635 12.364272 12.247296 
0.136382 11.614279 13.001171 5.843533 8.194531 7.650737 12.580065 11.721613 8.898613 11.110410 
1.433099 12.314400 11.150000 8.809934 6.087166 11.922275 5.370443 11.028626 7.436282 17.262912 
-0.178447 15.727403 9.214792 13.565889 6.818457 12.333348 9.083811 11.904740 7.151482 9.021383 
1.440665 6.946492 6.564789 9.333552 14.689668 16.261195 12.805167 11.590549 8.346750 16.529405 
0.426758 12.528108 12.485895 9.502052 11.147502 2.853527 8.856587 4.600222 7.544520 8.337746 
-0.397749 8.276579 12.583292 6.934585 13.720040 11.092131 7.311236 9.104283 7.771135 8.924298 
-1.179252 7.156243 9.581081 8.260248 8.285124 18.864555 9.963768 8.919535 13.207569 10.786835 
-0.555387 7.414753 6.590546 2.757912 7.805770 6.436922 11.478611 8.329399 20.221434 12.664221 
-0.561704 6.537354 10.078650 10.506809 5.606227 5.677512 6.876310 8.253366 9.654167 5.567927 
-0.631353 10.632336 10.277551 5.621987 8.123064 9.758735 3.257915 12.537293 11.557884 6.997521 
-0.374262 12.224007 11.311857 10.507672 15.424389 1.811457 12.417339 11.333008 0.694303 8.006322 
0.016987 5.411297 6.871135 9.925443 10.585929 1.906949 3.361866 8.801028 9.478967 13.165524 
1.993126 10.787057 10.783630 9.388523 11.833606 6.022241 12.307056 13.510966 15.641087 7.920955 
0.062047 9.714843 14.727287 6.865317 15.768181 7.070572 9.391492 11.491328 19.266779 8.313976 
0.806919 7.711344 9.391428 12.127207 5.573762 14.812781 14.972386 7.158266 7.930921 9.337661 
1.800245 10.794120 11.102974 11.119312 8.586183 11.301281 9.391112 14.231699 8.789241 7.604473 
1.745195 8.584674 8.731051 8.752853 10.072137 15.311419 6.014375 9.755490 14.700934 6.678460 
-0.879884 10.854625 13.249813 12.554583 10.824966 13.931187 10.741368 8.727130 15.344799 3.666870 
0.885436 13.088572 14.700564 12.603835 7.525467 10.634475 11.213765 15.849254 14.222609 7.475550 
1.468420 11.208229 11.875071 16.142413 7.803361 17.748598 12.396037 13.028388 16.292830 15.017871 
-0.162758 13.830179 11.777950 6.366934 7.861327 4.950688 9.483224 4.280616 6.053196 10.233158 
0.356027 16.250191 7.018935 8.431415 12.260651 10.724273 10.120321 17.868952 10.018639 13.164310 
0.051549 10.720691 8.694296 2.486321 11.611131 13.756764 9.246843 9.738321 15.345320 7.157122 
0.924271 10.394686 9.147639 11.574701 8.237547 8.252950 10.143658 6.456259 13.039669 6.060260 
0.849692 12.843919 8.386399 13.623017 5.213687 10.015330 9.741519 8.202405 14.242701 10.192374 
0.597467 7.852691 2.678218 13.414018 4.493930 7.116558 15.043836 12.329906 7.890091 1.717966 
-0.112163 10.394816 12.169872 3.394566 4.314007 7.795768 3.761381 4.312147 9.290775 9.429156 
-2.252580 6.039099 6.777223 5.128428 9.766706 5.854651 8.543327 9.889570 9.739913 8.764395 
-0.055213 11.099141 2.365494 19.996681 11.122533 9.223701 14.768529 3.398393 14.636955 13.782247 
0.184630 12.656771 16.897353 10.052707 6.607339 11.296403 14.966185 11.902979 7.448684 12.366874 
-0.379832 14.304758 9.009155 8.633825 3.003653 6.018140 11.246835 7.074971 4.135022 13.411986 
0.625954 12.120197 10.134124 5.742656 4.788472 10.593190 3.215455 16.693721 9.257283 11.251327 
-1.194459 18.046547 14.611072 10.225037 18.182859 19.326101 6.975252 6.435904 18.032614 7.553265 
2.232642 6.136248 8.507426 11.493114 7.403632 12.924616 13.075465 18.600481 15.619486 13.747870 
-0.472724 7.930806 16.331223 4.682981 2.494806 4.316592 12.548506 19.920848 12.200650 12.620569 
-0.428433 13.868554 11.493122 16.638047 13.168541 12.638293 7.340726 8.722739 9.879692 10.391608 
-1.697416 20.118461 8.073691 9.882617 2.575540 13.550413 5.580658 15.404691 15.192202 6.923097 
-0.168204 10.425599 10.522462 3.691415 12.118911 5.457933 10.092656 6.745112 12.657584 12.872550 
-0.089158 4.665769 15.051990 14.314063 10.376528 4.960540 6.050760 7.290612 11.511674 10.407097 
-2.123466 11.392272 13.139363 11.814381 9.166651 11.712771 20.820088 10.557554 11.050430 8.319785 
-1.282354 9.819256 10.229236 6.583948 13.202679 5.894811 9.862874 10.054413 5.739948 7.027850 
-1.053105 14.019024 10.340352 11.054209 5.307848 17.881251 17.601971 11.016678 15.130577 8.857119 
-0.013573 12.478288 6.518666 8.002926 7.007566 10.212595 4.726876 5.742872 9.369300 7.408960 
0.708800 4.924511 6.967863 7.130633 8.831237 13.626661 9.752474 9.337991 4.455306 9.014623 
-0.899551 6.160393 21.149476 8.936696 3.813990 3.125123 18.328202 11.565488 9.927658 5.410190 
0.689766 9.873155 13.494320 9.441694 16.138389 4.253573 7.762614 9.935193 8.516894 10.117446 
-0.209256 11.872787 6.846162 13.866752 3.144754 12.896941 9.807029 7.419910 12.566911 15.951536 
0.862614 14.276864 6.887168 15.517114 13.605263 10.007943 8.910667 8.516527 13.580206 11.966696 
-0.217786 17.396768 12.348214 12.557413 17.522863 12.979286 8.262725 13.826082 8.050185 9.271221 
0.907214 11.087835 12.913733 13.324920 13.210136 8.567489 15.570457 8.640093 10.122558 5.283496 
-0.853564 12.316802 8.309175 17.798356 10.871331 9.703733 5.167982 5.917773 10.191428 6.712269 
-0.157393 13.771811 8.385864 3.407281 3.188992 1.958557 8.519377 8.671335 10.579053 8.872062 
1.472830 3.711278 9.248002 6.763210 8.367525 11.076830 10.061296 5.107136 11.274339 10.023668 
-1.570351 4.046511 9.870178 10.141173 13.175786 10.762613 9.175145 13.913003 3.876868 10.400745 
-0.435786 10.854480 13.058791 12.589572 6.083668 10.612735 6.605911 14.788365 8.058604 9.323172 
-0.496327 15.563084 12.718398 7.476119 3.985223 9.826300 14.328393 7.397455 18.472755 5.214633 
-0.706288 8.359887 15.072866 7.684002 6.943088 14.137314 4.228865 12.653699 4.610832 5.702476 
-1.136412 13.324649 7.432734 15.325275 11.628959 12.315862 12.188350 13.536184 7.076469 12.235965 
0.889711 15.965339 8.692738 7.869519 5.309527 9.625475 10.673382 12.420417 13.847338 9.426525 
-2.852754 11.828822 5.608447 11.802650 13.149646 9.504058 9.952492 14.589693 14.176328 6.080428 
0.504700 9.164139 9.860742 0.048027 6.603913 10.676376 12.339256 14.819669 4.555077 9.528338 
0.390129 10.359632 9.271777 5.023244 12.380398 9.060354 6.277167 13.271012 9.275708 13.796333 
-0.705360 12.958719 12.703673 8.499253 10.431660 10.788464 4.383670 9.245668 -3.653920 6.542815 
-0.474008 10.250022 12.548932 10.365122 18.369657 11.268012 11.018129 6.522719 12.699471 12.228632 
8.774202 5.973267 2.551974 7.431144 4.092328 3.653943 4.568665 4.037321 3.674649 5.901542 
14.519074 4.897848 4.205286 5.686554 2.023579 5.378318 5.673308 5.397403 4.410816 4.877097 
4.167414 5.611781 5.040175 4.392321 6.143115 5.623783 5.008958 6.198491 5.595111 3.951790 
13.335798 6.232299 4.398392 4.154241 5.244570 5.027560 5.820910 4.728322 4.069329 6.768146 
6.838771 6.505216 4.856766 3.566966 6.429380 4.781655 5.458447 5.521669 5.045910 4.680035 
8.077287 4.239173 4.772379 5.646147 6.554306 4.216593 4.920584 2.946000 4.556113 5.998730 
7.440817 4.152382 4.360807 6.151712 4.579593 5.713203 6.141547 4.433159 4.609630 5.839586 
7.385024 3.788940 3.761454 4.232602 6.241444 5.019896 6.709955 5.379898 3.879338 3.590711 
15.405263 4.403451 4.245678 3.919626 6.562185 6.499469 6.239666 7.403393 5.511175 3.139259 
9.955593 7.099162 4.177691 3.990352 5.212637 3.413839 4.928165 4.349642 4.434391 4.572846 
11.931320 5.271349 5.358738 5.745820 4.407009 4.329473 5.716054 5.088092 5.336674 4.108160 
14.163900 5.769881 4.629234 4.660687 2.337228 3.996363 5.591497 4.364417 5.689119 6.740488 
10.046361 2.876525 5.256579 4.627342 5.177563 5.712574 3.352177 6.307774 5.193297 5.201156 
9.072374 4.985482 5.247250 4.276347 6.367767 4.114947 7.247419 3.741987 5.798878 4.755137 
13.106040 4.343761 6.928643 4.442098 3.910288 5.240028 4.146083 3.827733 5.103542 4.336583 
15.312060 5.630489 5.667304 4.604997 6.186556 3.640187 4.114658 4.871915 4.546186 4.633421 
8.912148 5.499225 4.291413 4.243204 4.617993 5.480065 5.964412 4.169981 3.353995 4.764908 
9.886411 5.212093 4.897409 4.516533 5.093266 4.821917 5.458633 5.811697 5.565456 5.212908 
10.241085 4.810653 3.583299 5.813615 5.844811 4.821442 7.067301 5.552365 6.242285 4.992734 
8.170286 6.531343 5.916155 5.033233 3.376202 5.040365 5.194560 6.632528 4.340305 3.501758 
12.094936 6.069891 3.912089 6.408276 5.408692 5.962471 5.001860 4.249182 5.258702 5.293329 
8.828548 5.619108 6.987421 6.767006 5.982947 6.895445 5.672841 4.641845 4.955223 5.522359 
5.688336 4.013111 5.839349 4.487090 4.495536 6.739385 4.580222 4.443303 3.817200 3.751703 
9.517225 4.823269 3.521290 4.461610 4.859006 2.592665 4.844263 5.013367 3.723398 5.552101 
12.046815 5.979302 5.462839 2.921636 4.965197 6.144729 4.000484 4.624274 4.811182 3.760654 
10.202854 5.702714 4.368292 3.095752 4.346728 7.079889 4.694789 7.064914 8.237687 3.570609 
6.914524 5.970241 2.833862 5.352056 5.692304 4.259449 4.428836 5.775189 5.356476 4.730979 
7.452523 4.632096 4.788481 3.728258 5.426575 5.080070 4.529547 3.591149 4.994019 5.551793 
10.455163 5.197949 4.593414 5.465342 4.174936 6.492313 4.679227 3.814402 5.088465 4.777151 
13.560206 5.746641 4.572060 5.087751 4.145789 5.469926 4.236872 4.036894 5.202396 5.380006 
6.943496 4.751105 4.890086 5.306501 4.324492 2.979456 4.750049 7.190740 4.035329 6.157455 
12.824500 4.668891 4.851975 5.777969 4.852182 7.029875 5.845126 4.873501 5.212373 5.249412 
9.527263 3.485767 4.583461 5.311073 6.213711 4.359302 4.878347 6.053547 4.962458 5.036947 
6.695320 3.779037 5.110072 5.741806 5.101011 5.503516 4.451692 5.286004 6.092268 6.438031 
14.140256 5.456764 3.611404 4.190541 5.076438 4.358447 4.429686 4.683707 5.184935 4.196349 
11.831415 4.703886 3.412900 6.064543 5.414600 6.278386 4.417536 4.994277 3.536461 5.108519 
9.926458 5.455313 5.774726 5.829344 4.718050 4.309027 6.698790 5.049577 5.720302 4.119938 
14.411650 4.377838 5.545853 7.203234 5.080677 5.353201 5.642385 4.528987 5.883685 5.724297 
8.923936 6.476617 5.572020 4.492168 6.022635 3.829790 5.770152 6.022493 6.072804 3.653652 
9.027729 4.013153 3.381917 4.470469 6.370572 5.378567 7.285520 5.061098 4.026506 4.333395 
9.275060 6.174040 5.142050 5.841892 5.372794 3.249578 3.779761 4.750907 4.293915 5.989803 
10.475361 2.804814 4.798319 4.235566 5.258864 4.648717 4.602418 5.803435 5.934293 5.359002 
13.770284 4.374557 7.258894 3.065048 6.231014 5.280861 5.972547 5.311843 4.920862 5.930925 
6.396834 4.780276 4.592229 5.920490 6.541394 5.503200 5.564188 6.299930 5.102095 3.949280 
5.030353 3.358276 5.027484 5.247022 3.872106 4.590186 5.847947 6.154871 3.853183 4.039983 
12.832462 4.349271 4.425498 4.701494 5.707061 5.774131 3.773402 4.871405 5.567827 3.923890 
10.069173 6.227604 4.690319 4.192117 4.051896 5.882728 5.425680 5.883599 4.551327 5.160068 
12.674471 4.723974 7.084283 3.480467 5.884158 5.334877 4.733228 2.910904 5.379694 4.796648 
13.352479 4.705846 6.191545 4.521369 5.344105 4.539602 5.829758 3.309187 5.597879 3.830322 
13.711202 6.180603 5.354322 5.654449 6.590436 5.689463 4.730882 5.961971 6.873376 3.819854 
8.167231 5.902439 4.436433 5.789009 5.112716 6.155901 6.327749 4.089840 5.581606 5.339436 
9.043352 6.525724 4.653757 5.656666 4.315136 3.922288 3.224140 3.743086 6.773701 5.298869 
13.769606 5.569189 6.432973 6.168579 5.761232 5.098387 5.498067 4.069434 5.582678 5.395267 
5.323223 6.084796 5.822808 5.472264 5.350714 5.469585 5.914528 5.532074 4.244339 6.470019 
17.808258 3.804656 6.393910 4.369279 3.352177 2.539086 4.496711 3.872989 4.916736 3.818897 
11.775078 7.377743 4.472818 5.096132 5.247736 4.118583 5.436619 6.368840 5.152936 5.599126 
13.432818 4.105770 3.923985 3.977484 4.050782 4.414868 4.756156 4.721082 5.154665 6.857293 
9.521196 2.569684 3.959211 3.733133 6.257534 5.031888 5.711670 5.065906 4.716970 6.227216 
11.764816 4.383949 4.862271 4.303515 5.314043 5.464071 5.831900 5.966904 4.032156 4.077479 
9.569621 5.626431 5.948461 4.246608 4.269490 4.690947 4.475027 6.750445 5.989545 5.523139 
10.219072 4.522003 6.193840 5.878577 3.434935 6.099172 7.058923 4.239627 4.562239 6.691939 
7.720871 3.433128 4.446869 5.738614 5.107801 5.197992 4.458516 5.556233 5.211767 4.257248 
6.288807 4.585210 5.580189 4.593556 4.962147 5.705634 5.123247 5.254296 5.751184 6.228949 
5.574678 5.843231 5.016320 4.600036 4.482315 5.346729 4.354076 5.509061 4.984737 4.619375 
7.801173 4.783407 5.821026 4.936790 4.759166 4.174713 4.417795 5.301716 6.615128 3.657860 
8.445170 5.390868 3.607762 6.055197 4.700940 6.231815 3.733135 4.428607 4.512835 6.308978 
5.506736 4.072549 5.508666 3.828284 6.712530 5.796220 5.029576 3.801800 5.041844 5.084060 
9.681461 2.658889 6.201251 3.414537 5.582026 5.326161 5.396898 5.036203 3.925596 4.636269 
13.792679 4.195595 3.812279 4.923758 3.539440 6.766383 4.486429 5.325611 6.538344 3.796607 
7.395201 4.912873 6.438463 4.577970 7.192070 5.065567 3.852422 7.021527 5.450152 5.825506 
9.654899 4.383418 3.226511 5.791474 4.550430 4.645107 4.621098 5.720997 5.253790 5.794445 
9.618519 5.660656 4.066184 4.383283 3.531351 4.351026 5.378910 5.556894 6.638086 6.410973 
8.479189 3.907807 4.572284 5.214812 5.078927 4.212490 3.924053 3.948290 3.207477 4.186237 
8.246107 5.760494 3.933693 4.683367 4.630253 3.627131 4.453030 3.824398 5.333644 5.581470 
12.057464 2.976027 6.585613 5.941684 5.485124 5.787876 4.913480 6.495840 4.564566 2.659397 
10.357816 6.607467 3.787985 4.269271 5.288204 6.320524 2.980605 6.820676 4.305191 4.552886 
10.541846 5.462262 6.327646 4.484885 4.095642 4.938218 4.953294 4.736939 5.237420 5.256822 
10.675231 3.808108 2.053483 4.671086 5.382692 5.938067 3.321468 4.457740 5.282738 5.949717 
13.280264 5.131187 5.718104 4.146405 5.548564 3.720304 5.506781 6.500941 3.643299 5.319440 
7.525934 4.413413 2.521103 3.982370 5.808590 5.205973 4.374814 4.498258 6.065120 4.429319 
9.399380 4.634924 4.403076 4.138442 5.279454 5.655354 4.357796 4.197766 4.511089 5.979597 
6.726062 5.116678 4.624041 4.529647 4.486169 5.377596 5.059281 5.067432 5.818983 4.292626 
9.146115 4.870149 6.310426 5.707380 6.262102 5.685042 5.840314 5.092266 6.074262 5.763031 
7.361457 6.648284 4.916574 2.398812 3.838150 3.216219 5.387937 5.968746 5.240202 5.466757 
9.686667 6.355197 4.058899 6.100256 4.138435 5.564545 3.183521 2.786697 3.392411 3.545679 
6.122873 5.390246 4.820548 3.812485 6.253377 6.501173 5.290555 5.111991 4.071910 6.248829 
9.650216 3.597178 4.475610 4.250958 5.223809 1.644960 5.578945 6.270352 4.254480 5.754207 
11.329898 4.139750 4.411734 5.824534 6.212127 6.717454 5.929429 5.381505 4.826107 3.123919 
8.695074 4.451295 5.547022 5.172241 5.829587 6.014009 5.376186 4.792957 5.189305 5.131302 
4.972241 5.315768 5.413970 4.890706 3.325709 5.215149 4.709394 5.625036 5.932534 4.843163 
7.216156 6.740029 2.843397 6.167234 6.108319 4.672680 5.251787 3.418278 5.627697 3.812215 
5.112463 2.453232 4.825828 5.899691 6.814120 3.379256 3.302405 6.063199 3.953155 3.924682 
11.698737 5.113236 2.725297 4.498263 4.549485 5.147091 4.886342 4.119797 4.253626 3.115839 
9.069876 4.084640 3.199158 4.624813 5.175839 4.654617 6.051042 6.054174 4.846142 4.496600 
10.290108 6.849174 3.860099 6.638865 4.785073 6.953438 5.264359 2.340252 4.722109 3.993042 
9.838635 4.005753 5.190174 4.889061 5.207769 4.568895 5.145073 5.774503 4.167485 5.477887 
8.279087 5.822484 5.626308 5.397833 3.694888 6.080842 6.087998 6.595597 6.069961 3.479561 
12.429562 6.027237 7.183234 5.081068 4.687875 5.514952 3.652277 6.221921 4.063913 5.276288 
9.452873 3.632940 5.535402 4.840505 5.556122 5.366904 4.800070 5.303676 5.290752 6.154875 
10.435208 5.212504 3.955342 4.526911 5.035915 4.576496 5.456198 3.712742 6.285180 4.615650 
9.131307 4.802862 4.758101 2.916994 5.874786 3.943302 4.469566 5.044682 4.341615 3.923551 
10.607935 5.487068 4.766800 5.452333 6.295594 5.938439 4.615787 4.320131 5.720312 6.515390 
10.200329 4.254010 3.817940 3.392298 5.075852 4.567786 5.556427 4.433828 4.193703 6.047082 
13.275461 4.675278 2.896172 4.370911 6.054218 4.036925 7.328540 6.100269 5.267413 3.084505 
7.822744 4.038974 6.692525 6.521952 6.418173 4.310425 3.838147 6.788107 3.162313 5.649448 
9.431625 6.355865 7.147078 2.980496 4.473667 4.384274 5.368583 3.987070 5.558557 5.350842 
8.438736 3.814300 3.733578 4.096482 5.914917 5.651210 5.580769 4.533210 5.420089 3.949879 
7.877871 5.136987 4.771753 5.884106 5.511694 6.348537 4.270783 5.194220 4.783825 4.665349 
5.591251 4.376463 4.433657 4.821416 4.549756 5.215863 4.564806 5.529492 3.633327 5.597509 
15.420097 4.787237 5.423195 4.487479 5.322052 4.493850 5.777099 3.913949 4.836737 6.210993 
10.672701 3.007587 5.119824 4.873506 5.569862 2.970110 3.559809 4.407187 5.065918 5.751066 
10.601312 7.519104 6.499762 4.442099 7.062738 4.464479 5.273811 5.311735 3.059166 5.953035 
1.204060 5.121566 5.888619 5.787529 5.139281 3.070808 5.157607 3.626735 5.192579 6.081749 
10.574241 5.498497 4.805172 5.708392 6.394889 4.959082 2.856664 4.759916 5.130369 5.677245 
4.874476 4.788112 5.165878 4.111710 4.649744 7.202442 3.568139 5.352533 4.452948 5.343627 
5.293708 4.004314 5.402463 5.083878 5.511540 4.726056 3.427119 5.980745 3.503514 5.954108 
6.486179 5.058193 3.857138 5.594143 5.352596 5.118225 3.951406 4.110888 4.860891 4.247927 
7.466019 3.529047 6.148317 4.183060 4.318750 5.171869 4.854335 4.834578 3.901374 5.529990 
7.250042 4.377646 5.192316 5.901782 6.246899 5.773454 6.100944 5.015867 5.995946 5.362461 
6.679236 5.833502 5.124433 2.985920 5.648983 6.282879 2.987242 5.509458 5.863666 3.655097 
14.117165 4.210892 4.490577 5.764259 5.095498 5.157368 5.390764 6.019530 6.416848 3.840187 
2.576736 4.997629 4.876608 4.012627 6.330828 5.402813 6.047476 2.973149 4.390691 5.146785 
11.023061 4.790207 5.840223 5.270821 4.008775 4.028756 4.306088 7.008722 7.442611 4.872804 
8.346319 4.853571 4.928320 5.084996 4.644873 5.562625 5.496043 4.332639 3.891518 5.283946 
12.976801 4.731906 5.541646 7.336302 5.141284 6.218814 4.884428 6.097124 4.299258 6.204857 
11.854513 4.775578 5.088415 4.672644 4.248618 5.053426 5.771433 3.131917 4.588854 4.653462 
10.772151 5.591496 5.113769 3.530589 5.285721 4.737324 6.935497 5.922094 5.393569 5.591209 
4.889098 4.593655 3.586706 5.736446 3.472845 5.579807 5.453626 5.482891 5.222561 5.396485 
14.514232 4.503486 4.921650 4.904663 5.412113 3.489942 4.650586 5.083968 7.394807 3.881068 
11.026070 6.300925 3.554378 5.983932 4.970346 6.363146 6.253161 4.337873 4.591375 8.170818 
10.055793 3.748615 3.142413 4.053783 5.027610 6.722479 5.036736 4.899598 5.091039 5.262035 
9.613301 6.378750 4.151445 5.292495 5.684411 4.502710 5.233666 4.517587 5.603245 3.821489 
11.732593 4.605250 4.542341 3.343946 4.934774 5.771099 5.520797 4.842086 5.475563 5.416952 
7.266877 5.502855 4.649406 4.853785 5.058635 4.062526 4.103065 2.905973 4.511945 5.103708 
14.334885 4.434231 4.287626 3.791744 5.114977 4.869781 4.580274 4.510153 5.473560 3.125401 
13.490372 5.703546 4.487776 3.658365 6.413351 2.133173 5.955651 4.933500 4.473086 4.420390 
10.370327 3.766997 7.126684 6.604439 3.713754 3.526648 3.806237 5.762837 4.135117 5.734965 
4.429252 4.062090 4.957389 4.314521 5.280913 5.115950 5.251616 4.260825 5.665270 6.237066 
9.703197 5.683549 5.530549 4.826114 5.389319 4.585579 5.893142 4.109891 4.189021 4.877955 
15.465948 3.840985 4.936965 2.566840 4.528587 6.046671 6.823868 5.545667 4.893007 5.641359 
9.465826 4.086919 4.939943 6.110758 4.123622 4.301756 4.045998 3.305003 3.920200 5.213627 
7.767447 4.493080 5.913565 6.989314 5.320444 4.097823 5.820218 4.051252 5.980684 5.003227 
6.794735 4.933998 6.815088 3.278676 3.813998 4.992779 5.262983 5.317029 4.830719 5.869397 
9.641890 5.526798 4.500709 5.383180 5.677808 7.468577 5.901900 6.709648 5.224171 4.907979 
7.310026 4.289567 5.541410 6.325681 5.833026 3.137796 4.771907 5.611749 3.424553 5.593138 
7.111039 4.312684 5.357814 2.230153 5.310013 4.923631 4.208517 4.651007 4.782546 4.534227 
7.590412 5.246927 4.761988 4.071365 5.141594 5.983705 5.146443 5.458660 5.887226 3.743793 
13.891768 6.458420 6.329478 4.972924 4.349346 5.083573 6.857725 4.529181 5.229487 4.119551 
8.634308 3.987067 3.247051 4.608032 3.771231 5.719849 4.160328 4.287116 6.241801 6.282410 
8.382974 5.616117 6.456855 5.498145 4.251430 4.720402 5.626062 4.982623 4.710487 3.743145 
15.537970 3.151156 5.706486 4.652860 6.861793 6.335167 3.857440 5.182705 3.568384 5.180465 
2.667609 6.158126 4.658404 4.225421 2.560097 6.990759 6.237127 2.788515 6.484580 5.912127 
7.567559 4.893076 3.116406 6.658112 6.000741 4.751015 3.261137 5.308280 5.422836 7.270055 
8.133067 4.618003 5.261726 3.762567 6.519722 4.868041 4.757802 6.337667 5.029155 6.950310 
17.387353 6.582642 4.937701 4.110010 4.753414 6.272085 3.173896 5.945013 4.522247 3.945145 
8.396300 4.523993 4.571469 4.115611 5.077790 5.336907 5.663533 6.343351 5.985298 4.669962 
12.898021 4.762999 4.215393 5.080175 6.246178 5.201783 4.696909 3.504141 2.833058 5.055907 
7.243393 6.359843 5.425507 6.620525 4.946925 5.156748 5.393445 5.963065 6.421348 3.699340 
10.451165 3.261955 5.658779 5.154632 5.599979 6.175843 6.397628 5.046174 5.808576 3.467000 
10.359128 5.440219 6.521675 6.509552 4.250757 6.254658 4.615279 5.881731 4.848258 3.365433 
4.445312 4.844634 5.273986 3.202484 4.302360 6.465442 4.523746 2.792931 5.481357 4.241859 
10.813817 5.971855 5.906183 2.934755 6.061535 4.323245 5.414579 5.020510 5.118545 3.454331 
7.575481 4.555685 4.539282 4.110220 6.033081 4.915119 5.720149 5.019858 4.221302 5.316928 
10.146120 5.199006 7.477984 5.953609 4.243571 5.545591 6.495794 6.742180 3.936859 6.223140 
7.924301 6.027183 5.847649 5.620567 5.925610 4.141915 5.907287 3.154353 5.293808 5.362087 
12.805391 7.111632 4.504504 5.011909 6.501709 5.268117 4.797581 3.612905 3.758006 5.647343 
8.767270 3.189431 4.227883 4.849074 5.893155 4.063850 2.592327 5.899430 5.215107 4.570644 
13.685808 5.932026 7.266281 3.578216 4.612581 4.499363 5.746499 4.864705 4.937316 5.488249 
7.628000 5.884301 5.897070 4.835002 4.941574 4.457384 4.523633 4.563200 4.941675 5.541797 
8.525218 3.813553 5.186149 5.142509 2.935974 4.436678 5.273248 4.866265 4.690960 6.181468 
9.640587 4.368232 5.356194 5.554961 4.346885 5.081265 5.430255 5.771078 4.659958 3.864764 
10.903417 5.118767 4.112413 4.188953 3.992586 4.385836 5.829598 5.606433 4.833855 5.247491 
8.046772 6.163077 6.209064 5.605672 4.404761 3.388746 5.464599 3.505919 4.347963 5.016968 
11.128373 5.606069 4.086566 8.558539 4.561908 4.885687 4.804434 5.666036 4.357559 4.759763 
9.304724 6.921326 4.633902 5.707933 5.294942 4.401064 5.423824 5.742231 3.899819 5.972616 
7.107622 3.444790 4.721451 4.181769 4.302423 6.695593 4.945799 3.720486 5.950153 6.104392 
4.197602 5.129752 5.479544 2.475570 3.248773 4.541272 4.161666 4.623860 2.966634 4.726058 
14.397154 5.792498 4.718232 4.895111 5.197641 5.232147 3.749362 4.933686 4.303855 4.414419 
8.597158 4.765350 4.964962 5.756371 5.855631 5.136994 6.145480 3.356608 4.164939 4.738185 
8.398959 2.514921 5.065471 4.664977 4.677201 3.272230 4.830113 4.515061 5.578445 5.970999 
13.874801 4.682134 6.045617 6.563293 4.910491 5.207519 5.500676 5.485590 5.000040 5.547731 
8.969982 4.778549 4.123823 4.744296 6.597430 5.207112 4.787083 4.672652 4.424702 4.530942 
9.844436 4.842343 6.227460 5.194087 4.681106 6.170028 4.855504 4.147991 4.874931 6.222379 
9.145179 6.152821 5.605651 4.524286 4.734677 5.232132 5.218915 5.555706 4.534122 5.378871 
9.801915 5.280117 6.084667 6.209637 5.076881 4.121589 5.865258 5.988360 5.943622 5.402701 
6.688646 5.597630 5.307236 5.728773 5.760048 6.103620 4.813973 6.393265 6.092779 2.538179 
12.389069 5.286127 5.714791 4.385542 4.236727 6.241593 4.774541 4.819337 6.034660 4.936521 
14.104292 3.362411 4.991510 5.117596 4.314990 3.148695 5.510210 3.017135 5.797305 4.776061 
13.418305 5.449355 5.702419 4.289836 2.545932 5.187511 4.655127 5.220802 5.637834 5.877880 
6.732880 4.789729 5.383327 4.195027 4.560633 6.144740 5.819184 4.348565 5.543377 4.222885 
7.853495 5.057973 3.561684 6.034638 4.122661 2.489884 4.889899 3.195357 4.982691 3.956850 
9.257816 5.634479 3.471567 7.526523 4.868602 4.176513 6.139217 7.358792 3.327067 6.029075 
12.638064 6.085644 5.394740 6.638819 3.920037 4.137582 4.531419 5.628262 6.316743 5.130695 
7.603611 5.486786 5.498867 5.772500 5.422151 8.251862 4.932556 4.261755 4.450721 4.291289 
11.473741 3.685198 5.134240 5.409516 5.322562 3.771866 3.993174 5.215574 4.873748 6.378268 
13.908233 3.660234 4.301781 4.553726 4.709001 5.489667 3.389285 5.990662 4.328091 6.109566 
14.445925 4.226729 5.501519 4.184162 5.898762 5.773562 5.471576 7.228276 6.017178 3.220517 
10.923956 3.517323 4.467182 5.525281 3.266910 6.695716 5.888575 5.899168 6.602558 5.020891 
13.982425 6.587782 3.234805 4.102779 5.456596 5.194541 4.848462 5.620843 5.826836 5.716899 
6.363659 5.698307 5.841151 5.697637 5.684994 4.357401 4.862407 5.795226 5.484368 5.741683 
31.655172 12.399531 12.473418 12.662086 9.195043 8.740450 2.435354 11.310519 17.126094 11.541288 
30.704001 8.383764 8.272436 4.263533 4.260835 16.030859 7.757407 5.450292 9.936208 4.432576 
27.530665 6.494433 10.050317 11.742910 13.115068 8.288878 14.993064 14.498803 14.713571 8.290681 
29.796098 17.661332 11.510910 16.867243 10.294941 11.000584 5.857580 8.700603 8.276545 12.459379 
30.200466 6.323334 11.251862 8.771486 7.198374 10.924439 10.337260 6.862025 13.401622 10.269902 
30.840741 8.925523 10.687568 8.017838 11.328779 14.908666 6.246266 9.285091 8.736063 6.857190 
28.771226 9.351223 11.153349 11.314297 2.227056 11.419551 7.971497 9.657580 11.407349 1.674134 
31.664110 10.965085 12.439940 11.952133 8.302566 9.067548 8.670411 13.140054 14.108183 13.129396 
29.753212 12.595658 6.817201 8.585091 11.593342 13.022268 13.205284 8.808096 6.783698 12.386497 
30.433178 11.760074 8.516413 8.371897 3.898340 9.453390 7.628837 6.902980 14.590121 8.134341 
29.564618 1.235247 9.441941 8.587175 6.260488 13.004819 14.106987 11.792555 8.352781 14.703188 
29.008410 12.672732 3.807802 11.542415 11.634220 12.645214 11.289871 6.829930 10.564932 11.630541 
29.450346 10.359706 4.547422 10.869754 7.035823 10.554001 3.396418 6.604380 3.328710 11.126025 
29.938085 13.961054 7.517347 15.058662 12.934654 2.318584 10.239290 14.141210 16.092766 6.958868 
29.519822 13.890914 11.083704 7.560624 12.734661 5.949542 5.451072 14.541631 14.179045 6.507328 
30.295753 10.489704 11.739630 9.692888 9.623689 7.181556 10.682634 9.550385 11.105797 9.631025 
28.432719 11.104330 7.501112 7.752722 8.915987 2.995773 16.425440 7.959580 12.790343 8.298663 
30.029272 14.880921 9.090883 8.169727 8.325280 8.257788 12.642056 9.485220 8.810155 9.216883 
32.052676 10.931413 6.690772 14.042739 5.542471 4.204221 10.023521 14.448626 1.474537 12.429499 
29.014655 19.422150 6.361718 10.386620 7.397524 11.207843 10.614941 11.319597 3.645063 14.816178 
30.174351 5.605274 7.483100 5.416804 11.601930 16.174814 15.916122 11.527364 10.377768 13.493676 
27.502307 11.755978 12.266040 7.428756 11.918021 12.984358 8.934070 3.743140 8.662938 12.466894 
29.814062 7.987000 10.785515 17.767609 12.864876 10.976209 13.954074 5.433631 10.112951 11.013500 
29.251247 11.442605 8.425825 14.334942 11.558925 6.690828 12.298155 7.707589 7.814357 8.854191 
27.954091 13.098152 6.806864 6.949506 11.908204 13.594839 13.996315 11.622074 9.270578 12.304217 
30.568838 4.502410 13.818185 8.525963 10.094503 4.092116 9.305563 10.726786 6.188433 9.086989 
30.093331 13.074029 15.102555 6.640380 9.364552 10.582822 11.780706 9.128350 9.847953 3.638895 
30.139289 7.969530 11.288505 7.993288 6.700739 4.851178 13.532693 11.764359 12.014990 4.654833 
28.787019 9.371637 12.772806 12.621127 10.240375 10.910329 7.685847 7.949459 10.705772 9.820834 
30.769013 12.512226 10.911103 15.067371 9.827248 13.355598 13.533530 5.748210 5.306277 9.548041 
31.971652 10.825813 10.101642 11.341158 10.720969 12.159507 12.507344 13.472660 5.922367 6.767341 
29.282233 8.548731 13.262728 9.769893 8.550520 12.587691 7.616955 14.439731 8.109115 5.402586 
30.018361 5.868462 6.293118 9.677557 6.358601 10.921751 8.264337 11.657600 8.593479 10.521422 
30.832483 14.290911 6.054348 9.254818 8.416622 11.477348 10.814486 10.227195 9.995802 5.552706 
30.486645 11.547476 9.281235 9.687392 7.977998 11.491850 9.154669 9.212550 7.584371 11.578436 
28.665840 11.792176 9.187830 8.622831 8.363392 12.082221 10.702990 8.965455 6.428784 12.040327 
30.884565 13.983801 8.688812 7.476548 9.541733 7.645726 11.320821 8.107248 10.374982 9.324303 
31.772611 11.744842 10.447381 9.617416 11.646973 10.159251 10.057909 4.557926 10.702558 10.428723 
31.396470 9.266717 9.804515 14.667380 2.701897 8.236589 12.090032 6.017234 5.816678 10.376689 
29.620108 6.499246 10.766174 13.731480 11.749301 15.899553 9.059217 11.302669 5.235437 8.944738 
30.594343 11.744909 8.595216 11.532224 10.386898 13.177783 13.724528 8.917948 10.423098 9.550466 
30.155297 10.500747 9.311436 9.813176 13.290524 7.383334 15.914301 12.047695 7.258171 11.995351 
29.685383 10.581914 8.327985 14.599066 11.507260 10.848269 13.297334 4.624566 6.025021 18.313180 
30.410470 10.550032 6.624397 10.442651 11.352812 14.768280 12.917279 7.315191 7.490946 9.349497 
28.095225 13.016035 5.470206 9.100024 12.263925 7.781961 16.221349 8.376364 8.036355 3.380432 
30.162215 11.171202 8.557558 7.351606 8.036862 10.537588 11.164505 11.312635 12.086281 8.746164 
30.243380 5.980001 8.643556 12.612959 15.763602 11.382476 7.801144 5.409185 4.029731 7.948452 
30.454875 12.460742 9.406453 8.832082 12.407641 8.195722 8.916303 10.135162 5.454586 14.559246 
28.065515 12.498589 7.649987 15.287681 9.548358 10.375358 8.682451 13.317424 7.969283 13.577827 
30.214769 15.510306 8.181531 12.243875 6.598833 12.002768 9.127960 3.431042 9.821008 13.046457 
31.466084 6.471487 10.266503 12.914683 7.730137 6.510068 7.754995 9.488986 6.840783 9.690379 
31.069000 13.503686 13.561020 12.038507 11.082518 10.890716 11.434330 16.541161 8.640082 9.551496 
30.014179 10.912666 13.667823 6.985635 11.742429 14.254666 9.580884 5.868092 14.329587 9.524153 
29.740145 11.483887 8.292576 4.325707 11.097010 13.286940 9.891535 6.244667 3.880413 5.548010 
29.882395 8.819819 11.084172 13.921031 11.135220 10.360756 15.893012 13.513015 7.531636 15.635674 
30.685248 5.848114 7.200973 8.673768 11.615313 7.243102 13.113726 8.651989 13.151831 9.453906 
30.931928 9.591487 11.205432 9.987351 5.181338 12.580811 5.042834 10.669734 9.161210 8.714415 
28.995635 5.578923 9.356295 8.901924 12.270505 11.234315 13.438483 8.966874 12.387079 10.306623 
30.003964 10.603243 11.359236 8.451373 11.280499 5.904765 12.604425 12.923332 10.981715 9.301063 
30.962238 11.057705 6.639926 6.204224 7.989725 5.614437 16.586041 11.554218 10.442315 8.779449 
28.966065 11.610471 12.290238 9.317327 6.355320 10.253660 5.521047 7.680812 14.582873 8.545640 
30.247960 12.610406 7.085354 13.316026 13.417940 6.089812 9.520600 9.069712 10.084136 7.308612 
31.615681 7.591468 15.069918 13.753782 10.603917 8.419323 3.938260 12.905958 5.898026 10.321089 
31.215606 6.079469 11.127331 9.794986 15.425878 2.831322 9.825784 11.032065 1.549073 11.885029 
29.213068 7.393701 5.851789 7.970132 5.748882 11.108796 8.448122 11.073078 20.069469 11.283814 
30.360872 11.920164 12.851790 4.729143 11.358245 7.768002 10.849913 9.540616 5.421058 10.355904 
29.776111 12.212688 9.954728 10.027658 13.527339 3.243677 11.470594 11.123574 8.866666 6.995325 
29.624253 8.211204 9.188457 6.426582 14.590261 14.230101 13.498129 12.695147 6.470516 7.475851 
29.707069 9.269252 3.518999 7.005583 6.678594 10.749363 17.492959 12.423608 10.052542 10.759085 
29.373002 9.702675 9.071471 5.105419 10.197295 11.812660 4.467632 7.710354 11.239175 11.306181 
29.079916 10.733224 6.905689 13.717725 13.548440 11.046832 9.353393 12.902980 11.045729 10.119064 
29.533331 8.220963 6.194803 13.490351 9.631920 5.857533 7.016554 8.082275 9.878490 8.535255 
31.290378 5.985803 14.021706 8.435043 11.767712 4.967113 9.162547 15.161109 5.049017 6.585058 
30.614184 10.326838 13.873350 15.064240 9.766495 13.275829 9.622702 9.099254 13.344838 7.490199 
28.689690 7.933328 8.885545 11.732815 10.013690 12.623524 7.915981 9.694564 13.596044 5.482654 
29.073034 10.069673 9.036547 7.872231 7.151563 13.237737 10.560888 7.544104 13.902344 11.345543 
29.890752 6.360820 6.122412 9.301309 9.649174 11.721859 6.542961 6.265191 9.514658 8.785118 
30.645920 11.851751 6.499210 11.321081 15.431472 11.754991 11.905351 9.448998 12.112230 7.293606 
30.542227 9.831677 11.718033 12.001930 13.876388 13.511565 12.109223 12.772426 10.957603 10.779990 
30.383666 5.540252 13.987425 4.598122 13.860193 9.621069 9.468843 9.009338 7.540818 15.460705 
28.611920 14.135587 10.622741 9.996548 10.027510 14.286394 13.051049 12.603496 9.369795 8.977509 
29.379343 13.625692 9.434516 8.032224 7.931364 7.006493 14.306660 9.747477 8.235638 10.873520 
29.323231 7.002146 12.029108 11.127932 9.672300 11.291014 12.916585 9.679005 8.493432 7.343329 
30.644903 9.020605 9.554039 10.994044 15.010034 9.290952 11.263400 14.522490 13.264746 8.017357 
30.734158 8.225403 5.772121 13.883396 7.367395 7.933171 15.201537 14.709628 10.315000 7.685694 
29.296365 13.371848 11.537504 5.010436 11.235779 6.240609 7.167753 5.403366 12.923269 13.525926 
29.300663 15.925527 9.244915 14.882750 13.108806 5.955328 16.253606 10.838732 10.541615 11.117306 
29.412436 8.705251 7.106758 13.428840 9.626295 9.844443 13.847896 8.767764 12.280646 9.845743 
30.318745 4.898460 8.710869 9.635793 11.607084 1.163776 3.620123 13.608333 14.264890 5.957179 
30.240615 5.100608 10.171485 4.883174 7.923103 9.104462 8.077023 14.758003 4.426541 9.072723 
32.285442 10.236298 3.774758 7.270652 8.759747 9.206157 9.202596 10.712130 13.905396 5.510040 
30.180822 14.043176 7.499398 14.081946 9.538909 11.559617 14.246161 8.561527 10.902268 5.642020 
29.565355 10.409756 13.639151 13.745936 15.350999 10.100261 9.986832 12.424206 8.257386 10.774356 
28.896267 10.221493 8.157344 9.474678 6.677428 11.240247 10.229055 8.524848 9.266528 7.236318 
29.800143 9.976750 7.188702 7.180084 7.299873 5.545169 10.894022 13.126409 8.773497 6.469050 
31.812845 12.017857 10.343254 8.336831 8.314231 11.787392 13.194761 16.455015 10.946674 7.935351 
29.355462 7.553889 7.235314 5.589315 9.095296 7.685216 6.662101 8.073718 9.269913 4.811224 
30.218944 10.355930 14.818327 7.780059 7.593213 6.287988 10.585419 8.330066 12.025986 9.531342 
29.780017 8.472720 9.051760 16.616022 10.297305 16.387757 13.746713 11.405096 11.132101 7.380542 
29.092562 11.504537 16.051492 3.755498 10.638232 11.300839 11.285820 11.376082 12.129652 12.543838 
30.418793 10.672250 12.363004 11.938983 8.326538 10.860326 7.975884 9.240908 5.137805 8.445644 
30.255225 12.093771 8.356324 12.652904 10.303201 5.742793 12.548517 14.341670 6.669522 9.809496 
30.072331 9.349179 9.037755 8.327630 6.113541 9.354265 10.760153 13.493492 9.946375 13.026676 
29.489849 8.966654 10.609163 5.752571 6.706242 6.627807 7.444377 11.890893 13.931478 11.148812 
30.594065 13.235602 10.092937 11.120075 10.782039 9.154511 7.965795 11.385227 11.346374 9.227942 
30.183112 9.183370 11.534242 10.965032 8.686395 12.351848 3.626064 11.315835 6.901923 15.226510 
29.855582 14.116815 14.663428 10.069336 11.632214 10.443622 10.858023 6.575279 8.254470 3.036319 
28.117537 15.692369 6.189534 13.711609 9.908389 11.738008 15.015843 10.513165 9.565769 10.620728 
29.513527 11.819137 12.505133 8.500112 6.813593 10.410226 9.239527 7.233023 14.695564 10.876022 
31.742184 8.866682 7.711160 16.203397 11.950057 6.411985 8.657809 9.613479 12.606673 9.762254 
28.705853 11.294791 11.313300 5.404489 6.425170 12.074361 8.727695 11.525071 7.220159 5.767408 
29.528489 4.281588 8.203436 12.327092 7.248189 6.394031 15.941656 11.802928 7.166403 10.942591 
30.875206 9.069956 9.290139 8.690538 6.522430 8.851258 10.947956 10.857704 6.458893 16.093400 
30.041531 13.347401 13.062737 17.139591 7.540429 9.687766 13.344922 11.404778 8.042852 11.775165 
30.475947 8.363869 6.124669 5.947945 8.541409 10.910904 3.794152 9.968618 12.128799 4.223009 
27.679392 11.230751 13.398309 3.319667 12.885793 11.001087 5.642736 7.273576 11.874762 11.572384 
31.140323 11.207671 9.903898 10.698449 10.589118 12.090653 5.695034 8.890717 10.585403 4.579478 
29.219284 6.069817 14.271934 11.018553 3.610658 10.676650 9.923756 14.214562 9.338173 8.747379 
28.381253 7.724101 3.599121 8.651900 13.389146 10.429647 13.257462 7.086307 14.740662 13.433312 
26.858431 9.957896 10.148369 15.294562 6.804141 9.846991 7.074741 13.123916 4.650122 7.377970 
29.774190 10.358806 9.231766 12.998853 12.273087 12.231564 12.252292 13.120506 11.852685 12.214658 
29.662452 6.127255 8.339934 13.027101 6.886294 8.576301 11.447359 11.993015 6.894331 8.548154 
29.019008 11.150806 7.258119 8.471436 5.407200 12.226604 5.042471 11.422289 5.257279 3.134611 
29.617356 11.525941 7.168651 10.542410 15.845051 8.363775 10.306951 7.764418 13.948082 6.345794 
31.819451 9.323233 11.661780 7.256003 12.382220 7.979065 7.636127 12.644089 7.967030 8.415540 
29.950462 5.821703 11.029988 12.488681 12.694040 14.212576 9.821796 4.700744 10.237041 9.079014 
29.464410 9.505293 8.194871 14.179793 12.408210 11.003900 8.143133 6.218634 9.820204 7.175506 
29.045656 11.040425 15.669473 9.686167 7.602696 10.922732 8.593807 8.234676 13.540052 10.926314 
30.410291 6.110521 12.507936 13.638695 9.406488 7.155592 11.746033 10.175332 8.343757 10.523863 
30.239356 11.824330 3.681340 12.321179 9.561330 9.476514 10.397168 9.721974 11.484441 13.815384 
31.541143 7.002053 13.400135 8.145279 7.364491 4.734044 14.886556 8.804780 8.771005 8.412045 
28.686812 5.709961 8.228482 4.186259 6.098085 16.455130 14.725302 11.044828 12.823832 7.078589 
30.030450 11.176521 10.287354 8.855452 5.201055 10.608603 15.543142 10.468016 14.863744 11.013828 
30.968312 8.729016 9.219568 10.534707 11.203896 13.830179 5.605626 12.299096 14.210134 16.372352 
29.617504 7.271346 8.710211 11.430883 9.242474 14.141963 8.309001 9.216572 9.439158 4.415903 
29.295509 13.768154 12.183969 8.398359 13.778095 10.091634 13.095194 10.904580 11.008072 6.652668 
30.126863 9.199515 5.171585 10.825855 11.391570 14.226412 11.459454 9.032610 8.643363 6.584335 
31.415074 11.213821 12.371836 5.350216 7.693518 10.754796 9.655327 11.522822 7.845032 11.491125 
30.873891 11.969832 10.553006 13.748793 10.935046 9.466529 12.391476 10.030485 11.359198 8.265022 
30.393737 6.921338 13.816828 13.620901 16.095857 6.782056 9.559947 7.583859 8.746575 4.401161 
30.492686 13.340278 11.924705 10.907699 11.170096 12.014798 10.924927 10.292474 9.514899 6.786630 
27.972923 10.137048 9.973078 10.099739 15.253369 11.886751 5.722716 7.622165 6.404973 11.877491 
28.928405 13.861126 7.777119 13.292452 9.722791 9.239781 13.257050 8.162203 6.359444 11.250317 
28.456242 8.576640 9.565925 14.398213 10.335028 11.423974 10.962862 9.702496 7.923885 8.850775 
28.317502 14.466438 9.612407 2.590020 9.829992 11.945396 5.487001 12.850838 9.066085 7.288169 
29.917715 13.206857 13.712670 7.924730 8.413195 14.325746 11.607209 10.096779 8.916029 5.182461 
29.040043 12.993393 18.210985 11.115962 7.360465 5.993914 11.173571 14.145658 4.718165 13.234416 
30.599644 11.348346 7.686418 12.459098 6.767895 9.183194 14.217638 9.431948 13.091982 10.095111 
31.564488 12.905774 7.438765 10.720626 5.604867 10.541535 8.661893 10.602748 10.372637 13.336932 
31.650444 10.936417 8.980667 12.325448 10.362137 12.121336 12.094051 10.874101 8.173867 10.374561 
33.380957 8.158722 13.170014 6.686080 9.998703 9.290460 10.324194 4.198744 10.635042 13.700026 
29.308696 15.158023 8.845890 14.883233 6.330661 10.886716 11.016118 11.038097 8.882097 6.950372 
31.007659 6.642493 13.277739 8.743358 8.953767 8.484449 8.248813 8.405027 10.078754 12.192728 
29.208885 12.020516 8.824193 12.739607 5.187182 5.557383 15.027030 11.340352 17.676434 6.990803 
28.197535 11.475409 7.396271 9.408617 3.616714 12.076996 9.426221 8.691707 11.687801 7.441677 
29.888818 11.802709 8.306768 11.789630 13.186187 16.210149 12.533840 11.269540 12.981475 8.400949 
28.466210 10.494183 9.022725 9.973736 8.805882 10.236093 10.958730 7.825932 8.540899 5.632975 
30.164102 13.303575 11.136360 14.297498 12.981841 12.097846 11.706670 6.526689 6.580463 3.839336 
29.068155 10.268930 14.127692 5.266306 8.907339 13.022150 11.766166 6.626092 9.266752 3.269452 
31.036866 14.057485 13.337732 5.041696 7.060341 9.962425 5.417384 11.367972 8.401513 9.278346 
29.460502 7.138161 3.862951 4.878811 8.629406 10.189975 14.349248 8.161346 14.100727 6.697061 
30.419621 13.063189 6.675771 15.314256 12.932699 12.606355 13.598141 4.980913 9.584035 7.292720 
31.103433 14.239754 15.465975 7.869131 10.678302 9.324987 14.679423 11.239427 10.176177 7.862549 
30.934709 14.326681 12.237294 12.951113 14.083038 7.418024 8.851293 12.510074 7.284494 10.541506 
31.713708 6.224312 7.207026 7.943230 5.540819 10.300975 6.261822 11.372634 15.171156 12.465502 
28.416837 6.914492 4.357583 13.169644 6.078394 12.234996 8.167310 11.468025 8.168720 14.656575 
29.510038 10.321810 11.107626 6.492254 12.986089 7.351538 16.867179 11.672553 8.789668 13.229528 
30.733263 4.846525 7.076189 12.039318 16.759444 6.739535 10.786484 10.478051 10.059095 7.696398 
28.907650 7.224238 9.674039 13.027329 12.483367 7.932456 8.235861 12.870113 13.922438 14.496373 
29.740990 5.831386 8.145149 8.039104 12.154737 9.081060 10.895739 9.365176 12.147237 8.942461 
28.280549 7.742966 9.793133 9.587934 8.305779 13.586349 8.558580 7.437473 1.742963 12.116019 
30.261256 8.151301 5.498717 7.527673 12.916868 8.818977 6.767463 10.593626 11.907257 10.207607 
31.150309 10.274411 8.362246 7.110664 13.675929 8.063764 3.424835 12.690813 12.653457 13.036129 
30.224426 4.981539 8.938761 6.979124 12.209319 10.598913 11.413127 10.976597 6.360809 16.159332 
29.696431 11.858668 9.782846 11.561640 11.433447 8.618281 3.044184 15.919525 9.864751 9.512026 
29.413826 18.301919 11.823434 13.346143 8.915816 13.186830 13.647744 11.030421 15.020985 10.155976 
28.903484 14.732832 5.926645 12.510942 13.646498 11.128738 11.614570 11.773334 5.375979 10.848015 
28.950986 10.413099 12.251477 6.304709 10.579642 4.257630 8.963639 14.171022 10.813665 10.923986 
30.550154 10.706227 11.344646 9.486195 8.210871 11.779387 12.280982 8.133497 6.571185 12.489506 
29.447320 10.908144 8.333520 13.281096 10.178526 10.635582 9.490347 15.272828 11.525717 13.356993 
30.216590 4.330751 5.570088 10.947978 2.916535 13.379248 6.085838 7.021568 13.172736 11.588608 
31.381978 1.182588 8.738474 18.801910 12.623348 10.992616 11.245126 11.066628 2.225211 5.420909 
28.929780 14.582466 9.553098 14.992456 8.821315 11.184845 13.417932 9.117283 11.880334 7.428032 
29.481736 16.005409 13.128207 13.053312 14.455695 9.257186 9.873654 7.181776 11.543951 11.713364 
31.266819 15.586411 6.808848 11.639920 10.209596 6.290806 9.997932 7.993374 9.449687 7.651843 
30.972200 7.098064 12.449596 15.541554 11.706891 13.177919 11.701905 11.666596 6.442687 13.010041 
29.513840 11.351911 12.956112 8.844780 11.641191 14.806580 3.152642 7.276761 2.667713 8.900814 
27.921041 11.670839 9.318480 8.970460 4.899841 7.191488 10.312090 8.545517 9.258122 6.350720 
30.547757 12.093807 10.813246 7.181542 9.220777 10.432493 4.415400 7.864382 5.499153 10.143873 
29.792626 10.118931 6.250212 6.707546 0.593594 10.439113 9.977262 7.929252 6.983796 9.564646 
29.016661 9.103422 8.641955 9.759363 7.593407 5.893257 7.783132 14.365533 9.385318 9.324412 
31.972672 2.381367 10.880876 13.225060 10.873304 11.131433 8.333371 10.950171 14.973243 8.198060 
30.867878 6.346138 11.669217 8.462423 2.959772 10.829833 11.734136 10.977149 9.474061 13.164706 
30.791167 11.206547 11.660009 9.861462 8.286450 9.795676 2.177914 9.190216 6.532664 8.439246 
30.409815 9.342203 4.550272 5.920859 9.471342 10.343035 9.461434 11.688011 11.143685 5.210475 
30.604537 8.577013 12.800930 8.169705 8.473868 6.400839 13.118392 11.129121 6.545588 8.287949 
30.737238 7.674828 7.847947 10.609356 11.039306 13.243707 10.323750 6.132608 8.617151 10.538466 
29.249235 8.570187 6.445265 9.987049 10.099218 8.047897 10.330440 8.818818 12.219527 7.174591 
28.595663 13.969952 12.634146 6.888201 15.082941 11.916403 14.970122 8.741986 14.188909 11.009840 
30.847741 9.766283 10.449968 14.779105 10.092923 7.107265 9.705998 8.125110 11.145836 11.626757 
37.463953 19.530651 23.270565 20.406460 21.007547 20.787943 21.990402 19.427857 20.253813 26.360621 
40.529127 7.593086 16.143018 19.068589 20.641412 21.728505 19.042739 23.092474 21.577750 19.534236 
39.922330 21.740458 14.164908 19.873988 17.150891 20.469750 24.066248 13.887292 14.883435 23.499119 
37.327261 19.074054 18.437990 23.545582 11.789284 16.568583 15.190344 18.240082 20.952876 21.684338 
40.502777 21.028705 11.459699 24.039053 12.555106 21.906219 12.948781 23.080118 21.475219 17.956987 
39.036797 20.278067 18.659797 17.644551 20.004002 20.411213 21.381051 14.714200 17.219241 16.635962 
39.873390 21.031439 16.224030 16.729858 11.564950 18.476018 24.390353 22.044111 22.604049 24.511146 
40.139705 13.221181 19.847257 20.541975 23.379572 25.631674 19.748049 14.710375 21.267793 19.640595 
39.608216 21.079088 20.865085 21.544146 22.413444 19.907084 18.239925 20.779791 13.077804 17.707450 
40.697077 18.623600 26.321709 19.687886 18.698568 18.765951 21.294101 17.234431 19.987491 16.652143 
40.518066 15.831433 12.883258 23.731219 27.261923 20.774199 21.074267 16.815800 11.946963 18.925915 
40.532989 15.279869 22.231186 18.000896 21.880591 27.021506 17.396487 21.459674 13.260755 14.105660 
41.129075 28.747131 19.335401 20.668033 18.366445 17.209406 24.897051 20.304556 17.934752 27.426768 
41.100017 19.405016 18.860124 23.303226 22.995219 19.163093 20.706720 19.889556 18.713992 16.438974 
40.034551 18.427276 17.627823 18.896902 21.432912 16.092346 20.044991 23.470951 20.628109 15.577705 
40.264218 18.245560 17.056388 21.342539 25.851582 21.208390 16.844149 20.726385 18.781207 17.876211 
39.919801 25.322181 17.722061 21.344990 20.453701 20.658621 15.171341 20.327188 27.063311 20.390671 
41.346578 26.480172 11.036482 19.331382 25.296216 29.328465 19.757172 18.948851 18.729729 22.252978 
38.734200 15.013419 14.536393 17.875984 19.418849 17.780101 16.835108 24.793510 18.804498 21.786712 
39.358704 20.152311 20.076904 30.467980 17.495791 20.575603 17.746694 14.404292 17.523571 18.319401 
41.162212 25.711306 19.707974 19.904141 23.347974 15.087577 21.602363 21.296279 13.671102 22.687262 
39.345255 19.432768 21.628150 16.672128 25.267698 27.275319 24.537107 20.164726 19.832278 14.920836 
40.560443 26.352188 23.920867 22.331649 21.554669 22.499634 18.016425 18.580536 18.835043 26.567975 
39.459131 24.118907 18.212951 17.035081 23.703024 16.083719 20.002212 18.861659 22.597639 23.861271 
41.045107 24.616817 19.043731 18.347006 26.380906 16.426314 19.051506 19.076776 14.804919 17.423983 
40.492060 26.657629 23.752916 11.022845 31.822448 18.625555 17.311829 21.268791 15.706598 22.330887 
39.501672 18.372440 19.789122 21.710309 14.376691 19.120592 23.158197 16.602860 22.256859 15.475344 
40.268306 22.891227 14.541760 19.267905 25.644613 19.027042 23.700763 21.840497 15.390332 24.934466 
40.132831 26.734572 21.308176 14.308812 23.424495 10.936746 18.203032 22.015836 21.084942 19.570553 
40.420445 19.784270 19.827295 26.788809 23.775649 28.124885 19.735682 16.246163 30.503628 25.391190 
40.390841 22.645690 18.660357 21.743711 21.737979 26.249547 18.245073 24.021125 23.400759 16.086236 
40.601654 20.460027 19.857711 25.501015 22.537026 14.466748 7.709784 19.698140 23.612990 26.314768 
39.773778 9.292319 21.728333 13.117556 19.767654 17.158044 19.652398 23.723194 19.291139 30.179714 
39.087622 19.716003 24.657258 21.653176 17.168504 24.847390 16.873263 24.236348 20.635570 11.172635 
40.682737 16.184688 14.313505 23.862047 18.301878 21.773447 20.448763 12.808341 20.022205 18.806161 
41.075152 20.548439 22.244227 21.748994 24.405420 24.071107 21.305786 21.298160 22.324105 19.415553 
41.714496 20.824527 25.416168 20.252450 19.855863 22.543730 25.649088 29.267111 22.361080 20.083092 
40.046526 23.731740 24.690182 24.036043 16.222332 21.675705 21.123695 28.374360 19.376209 15.578890 
41.362818 15.587860 18.561359 21.765810 13.668058 12.234952 23.707245 18.461556 13.877708 19.295226 
39.302087 18.773954 19.629213 19.254920 12.900441 16.713272 21.610805 21.198372 17.700750 19.528372 
39.468129 30.076467 25.103864 20.027806 26.422835 15.892578 20.227940 16.823135 23.264541 19.454345 
39.924899 22.849382 21.156662 18.740071 13.343017 17.826227 19.374206 21.622729 18.995236 21.209642 
39.514009 16.090534 16.237708 26.432441 19.013624 22.838750 16.462144 20.839753 20.287617 19.660529 
40.504322 14.747224 24.955840 23.406109 15.262439 17.428212 16.150051 13.451542 19.102978 19.382754 
40.733197 19.316865 19.561702 23.138639 16.720463 17.241672 17.904635 18.026091 23.213724 14.702629 
39.530996 18.004614 19.510456 23.860880 17.924820 20.721617 15.574316 15.633496 21.169208 18.001216 
39.503414 14.939121 27.475690 26.543617 19.360620 16.235810 20.356174 22.907341 23.678675 14.343539 
40.082782 21.545167 25.649064 21.374169 21.229011 19.417411 20.608799 19.835514 27.909258 21.747309 
40.385612 23.348569 13.455365 21.867710 14.314369 13.740730 23.359484 19.162354 26.480025 28.619989 
38.795539 27.961596 18.037446 22.591071 12.381375 22.875961 22.024660 15.723688 19.152168 26.388513 
37.820117 26.055995 21.649296 22.947003 20.348248 15.111642 20.228185 15.448882 20.814789 20.895127 
41.409963 20.979221 22.088663 20.324895 20.515503 17.508342 28.902257 13.753216 19.898460 20.615096 
39.548213 24.333657 22.697137 24.684698 15.454496 23.159257 17.575352 19.953513 22.897376 18.916087 
41.514763 20.711094 24.996786 24.693048 21.182741 12.590318 23.431095 23.571558 22.699173 13.679103 
40.183160 16.896962 21.108475 24.502883 23.551051 24.948141 17.222941 19.450606 17.412141 15.114148 
39.358501 24.360728 21.246201 22.668429 21.638306 18.013659 21.876790 19.772746 18.399929 24.364504 
39.750997 22.492107 21.757394 19.340140 14.235031 25.114021 22.366632 26.467877 14.327625 23.676575 
38.489821 18.759279 23.384342 23.387109 17.356699 22.881572 15.305583 27.177716 22.989883 23.531693 
40.670303 27.527767 18.977990 26.090318 16.438789 22.266115 21.159313 18.374983 15.437841 14.958741 
40.005972 25.225777 19.177964 22.357318 21.864114 10.241335 14.997156 21.299596 19.412285 16.267226 
40.635760 14.210517 20.522569 21.976393 23.307743 14.182289 21.557636 17.491682 13.209056 17.079138 
38.927623 28.650107 16.235319 20.483090 18.753020 25.242031 14.118620 19.679426 17.259813 24.727791 
41.748962 27.368646 24.751546 17.819483 20.759608 19.712653 21.994277 25.373712 26.668046 18.221053 
38.901102 17.447979 16.292697 24.315620 22.214286 19.318816 17.233236 21.325498 20.219916 10.212424 
40.624840 24.049983 20.630113 13.017393 18.944077 23.035355 12.734996 20.900610 21.074759 20.055646 
41.551535 12.802173 22.291061 18.674987 22.910082 17.977581 17.960348 25.269515 23.868516 27.135524 
39.494432 21.601643 16.573649 15.516927 14.398237 26.714127 19.365941 20.822936 22.653067 20.270693 
41.330602 18.118741 18.265904 17.131645 23.527743 23.151037 16.868471 30.108901 20.505740 21.012923 
39.046394 22.152181 26.918584 16.394726 23.294592 26.394197 22.990841 20.799601 17.173555 17.316075 
40.156217 18.117043 20.405502 23.176481 15.664307 16.769985 20.877171 27.231145 15.450622 21.743067 
38.871706 14.783515 23.918484 20.582718 21.138484 26.330913 18.913474 22.664690 23.417473 25.683038 
38.895518 20.988015 17.387521 20.331173 18.849683 24.992479 20.826950 21.190628 18.892929 19.748616 
39.920145 20.566938 24.098073 20.802069 15.167841 20.873544 19.054610 15.441463 19.452862 22.183141 
38.389328 14.722953 15.826538 16.349712 28.414809 16.296143 16.708112 18.124359 27.212398 19.458078 
37.835395 17.672903 20.636211 23.015969 25.679162 16.644315 21.488524 24.393619 23.817632 21.034101 
38.052693 22.894862 20.232266 23.733556 19.733705 13.604575 19.594580 22.312480 19.280506 19.926666 
38.519863 22.616238 21.590783 11.080998 24.236545 11.258635 20.593451 19.774527 27.738237 14.562046 
39.811080 22.712665 26.229620 33.722896 20.034758 16.675386 18.800561 23.773050 15.403849 14.959914 
39.258140 16.145687 21.838560 26.081066 14.091928 19.866132 23.574935 16.461237 19.733589 23.168085 
41.479313 23.535403 17.581878 14.195121 19.628857 23.426008 19.709039 19.465541 20.800644 13.213812 
39.591736 24.519462 15.888162 16.069354 19.774578 16.269706 21.277138 23.973668 19.969373 17.141290 
41.313807 16.456157 27.069307 22.382724 22.776850 13.516143 23.723039 22.307883 22.680342 9.892927 
40.320167 12.212006 21.767009 20.572692 20.514605 17.348543 20.090345 20.588813 17.866204 18.473468 
38.777670 23.722266 14.896612 24.485438 13.480230 23.724316 15.576170 16.792080 20.821798 23.399363 
40.482519 17.776579 19.657462 21.514736 15.645920 12.903996 14.530104 18.217371 24.611229 16.975604 
41.356559 22.605803 24.576333 16.218373 17.345161 29.564993 14.658674 23.924693 18.244892 20.491147 
38.394366 21.264256 11.858388 19.849501 19.652336 20.507578 17.427289 25.552486 11.626046 21.647955 
40.212484 22.178167 16.670959 19.828029 20.287859 27.100527 24.886232 11.822917 15.895058 21.565742 
41.431924 14.695999 17.794997 18.379882 25.028614 20.941304 12.768913 14.919437 17.326380 22.916862 
39.136341 14.364061 22.130807 24.987798 11.045632 27.419056 14.665045 12.718534 24.290212 27.116260 
41.206257 12.878348 14.677888 20.621627 15.237313 18.919378 16.306115 20.684933 15.217333 14.020689 
40.115396 23.640980 18.113436 24.602409 19.810150 20.824830 21.250908 19.154834 23.205412 19.741188 
42.075427 18.926046 23.696751 18.809628 18.470833 21.469256 26.376290 20.911408 25.107412 24.829130 
40.495519 14.853134 19.985093 21.128577 24.749253 16.857483 26.355449 18.520245 18.342852 24.471589 
40.420343 18.024637 19.594537 22.934318 18.020765 20.389762 16.926854 18.415963 20.421516 19.893958 
41.730058 15.545941 17.523082 10.327631 17.062589 18.664018 19.619837 16.765468 21.855775 15.424400 
37.704909 18.552205 21.465901 18.481802 17.958758 24.603149 25.787045 24.891725 20.989939 20.928404 
40.704352 18.124577 22.981974 16.819351 15.605427 17.675784 23.544022 18.169866 24.173909 22.159253 
40.726850 22.194208 16.981971 20.698663 17.635396 21.765772 21.882246 20.998078 18.233605 18.770154 
39.840994 13.972727 18.998435 20.726850 22.148061 19.996307 11.360101 19.295107 21.646099 23.607549 
40.179092 18.254069 16.645505 23.199180 15.670704 14.838522 15.021505 24.381053 17.542228 21.513945 
37.729577 24.043811 23.225785 19.560722 24.303371 16.417539 16.088824 19.507850 19.462922 17.532964 
40.002980 17.941940 16.682859 21.882566 18.631566 13.313782 17.011453 19.117530 27.593410 22.420743 
41.493511 16.767985 22.340381 22.888463 18.795372 19.648691 13.322082 19.056838 18.688389 13.178626 
41.714516 12.251878 15.148777 21.388379 14.523137 18.190727 20.161523 19.088955 15.971057 19.750417 
39.737337 16.927918 15.766337 21.604884 24.771271 28.073690 23.339928 19.995459 23.521294 18.988677 
38.296285 12.371890 11.009212 18.698348 9.627904 17.623989 20.635180 19.002586 13.153714 20.221892 
38.997371 22.569614 23.233456 22.105646 19.581067 23.195507 23.974992 19.645222 22.561698 22.176991 
40.169882 19.562421 20.666755 13.038164 16.817075 19.219218 18.808007 18.604595 19.078537 26.316321 
40.414576 20.199561 21.554085 22.702277 20.208779 23.462650 21.026009 26.448276 16.819628 27.085734 
41.385543 16.133081 24.412509 21.773543 16.030087 15.152728 21.642054 24.450827 15.535296 24.025832 
39.607176 20.471788 15.301420 17.919206 26.932188 18.516771 23.847463 13.055744 22.280315 23.238788 
38.180776 21.785426 19.098482 22.361439 26.703388 23.951089 19.848401 14.559801 23.825593 16.037928 
40.196916 22.421544 24.469759 23.258387 19.020927 24.307602 17.232089 19.789369 25.159877 22.285482 
41.643315 25.021677 17.985386 20.574123 20.353451 22.142206 23.452275 15.294263 19.835559 17.042828 
39.558552 24.216600 15.540863 25.528550 16.102496 16.614888 26.222068 15.349588 24.629491 26.889561 
40.926990 24.097794 22.391827 16.538765 16.641409 15.451864 20.190093 24.905159 24.058385 13.345706 
40.308130 21.449601 14.202487 20.574360 17.187260 20.744374 23.829241 20.791657 14.876033 26.230787 
39.073271 19.694786 20.816975 17.582708 14.962888 18.787907 18.233118 21.334378 12.303257 12.482517 
41.011943 20.139039 16.684827 21.695257 17.251847 18.262152 22.138186 23.744460 15.105912 23.021919 
40.306190 18.659517 17.829924 18.815532 19.757967 21.242805 24.765166 15.096901 17.043706 16.594367 
40.504926 20.450792 22.835034 22.233018 18.386721 17.125392 22.408189 21.314832 16.598579 20.149655 
39.432240 18.761358 19.620927 20.762061 17.308377 16.579363 17.445967 23.562407 22.243916 18.897164 
40.111698 20.243369 23.135658 16.008498 15.029325 15.983369 20.992313 12.062955 19.171343 16.399642 
40.401135 24.935715 17.356533 20.048429 15.999417 21.282390 16.589911 20.691447 20.462397 22.548318 
39.324491 14.604377 15.083156 20.966337 15.722937 19.455533 16.314372 23.258454 22.423236 14.889423 
40.596764 25.063915 17.451591 24.878550 16.774147 21.746495 27.718386 20.816144 22.234868 23.128290 
41.033584 13.102951 18.045182 24.350584 16.085049 18.782535 18.108872 30.204490 19.426515 19.613497 
41.065155 18.248725 17.863462 19.737656 19.865303 22.423799 20.370870 29.306146 21.168131 19.842689 
40.009960 18.886224 11.766516 18.697154 21.639719 21.883703 23.196176 22.911520 24.231265 20.506808 
38.966993 21.439980 22.357595 20.687481 22.246101 21.761228 19.281785 21.953743 21.091462 21.404813 
40.901988 23.292566 19.154127 20.277776 16.518015 22.456030 14.217471 21.713863 26.035028 26.354078 
39.221440 24.974339 22.882287 17.934518 22.852918 19.494077 13.930230 23.410544 19.262519 14.585559 
41.315521 17.023258 15.346287 19.028191 25.334025 18.679174 24.030250 20.971319 14.912174 25.753102 
40.040355 25.864931 19.488173 15.730025 19.713303 18.675515 14.446942 23.385787 23.897794 18.477737 
40.516778 15.027466 17.471112 21.189282 19.170414 17.570231 19.391165 17.154262 16.817917 21.697635 
40.009530 17.295465 21.159863 22.956569 12.342733 24.901430 21.268726 19.712797 24.398499 22.909011 
39.258062 12.715479 13.803466 16.915335 22.320515 23.736767 23.132998 22.195887 21.483208 23.482972 
40.951316 26.428955 22.388751 21.918899 21.343768 24.329017 25.237293 17.899127 16.556696 16.669801 
38.244134 28.147114 19.936103 13.728147 19.447408 23.441064 18.742893 21.684983 20.250522 21.440030 
39.631883 22.709870 25.410636 16.974109 17.317257 15.337656 22.567903 21.094606 19.739329 20.874545 
38.923652 24.974003 22.847743 18.005735 24.334643 23.957264 16.906510 14.042456 21.124290 22.879840 
39.773046 20.106504 18.818239 17.563903 11.403945 24.845716 18.791965 15.533718 23.461475 20.537817 
40.678583 17.916953 19.162432 14.879757 26.720062 19.914251 25.026679 17.661656 18.124606 20.929213 
38.850795 23.199132 25.578234 18.165824 16.444108 24.163318 25.547663 28.055796 26.032560 21.116427 
41.122643 28.299149 22.388922 23.810233 22.907483 26.071666 23.329073 14.994734 22.262940 22.664625 
40.770886 25.670462 20.982060 19.023976 18.089941 22.339999 21.774627 17.465016 21.624690 21.383196 
39.249488 18.210993 24.997581 18.571617 23.612461 26.208820 13.957410 17.124855 20.983859 22.563931 
39.037842 13.730928 21.848308 20.605653 17.842156 22.580551 17.857001 27.027060 23.958662 21.736007 
37.559633 17.697061 23.068384 14.974218 22.049037 18.683752 25.871332 27.232587 24.571072 21.137775 
40.324879 18.890977 13.865358 22.191843 18.491506 19.630863 25.269739 20.675339 25.609576 20.205436 
39.200889 22.345580 21.711984 24.710812 15.063527 17.538495 18.751401 13.954742 16.949856 21.058755 
39.319800 17.232442 13.368504 13.487646 15.727196 18.434457 22.072859 28.017245 20.825137 21.060819 
38.090409 31.206263 18.183998 22.981939 20.110735 20.385343 15.573925 16.211955 22.127211 18.992522 
42.200846 24.291911 24.173741 22.822585 19.943353 17.078694 22.009617 17.255734 22.088913 18.234153 
38.678712 19.081842 14.334206 18.148490 21.159504 16.652016 23.902211 19.388003 21.826594 20.603725 
38.337134 18.328700 25.230420 16.660606 23.151992 16.251758 19.272208 27.575239 13.613271 19.465977 
38.122796 15.263341 13.176516 20.199858 23.617029 19.645941 18.289638 20.281474 15.747265 27.089434 
40.268380 13.703113 18.296370 18.857957 19.253476 23.366961 17.475467 23.095184 18.566917 20.859757 
39.815411 20.021618 24.681100 20.551813 17.903680 19.690545 20.700402 23.312739 14.564322 19.462724 
39.012483 25.923976 22.980462 23.812829 23.384810 13.681534 26.060537 19.519463 17.344177 21.394125 
40.969900 24.379390 24.357718 21.150927 25.037525 17.831316 14.166550 17.412451 16.873187 20.495645 
40.602824 23.687721 23.068807 27.855186 21.274771 19.893700 16.113320 17.751820 24.019439 21.872254 
42.791654 16.716393 25.000762 22.928404 18.925750 17.607326 20.545009 22.027530 18.711816 23.301292 
39.692904 18.073251 20.892313 14.109401 19.161942 19.164792 17.429653 17.822192 19.398001 17.707120 
40.545766 23.050467 18.164620 23.592635 16.572007 15.780817 15.601901 20.921654 26.458991 18.325226 
40.312978 21.945559 26.240496 16.658365 23.636057 19.095878 20.776873 15.468646 21.366396 19.113260 
39.563446 20.764774 24.677013 21.321274 15.363237 14.590401 21.356522 29.781112 15.850305 22.398181 
40.077327 21.081076 20.115028 22.466472 19.202042 19.053092 19.598949 24.097959 19.541355 22.455224 
40.475635 25.943839 23.819858 24.358983 21.894706 23.978807 18.197640 17.585354 19.483035 20.354984 
41.879002 24.172633 17.542107 17.839472 22.571737 23.492263 18.463419 18.103954 20.624299 13.121256 
41.733536 22.093372 17.045830 21.727335 22.016311 21.738989 24.344588 19.371551 17.930356 20.783173 
40.564451 25.512865 23.551712 25.557420 27.575339 26.928298 26.921602 28.954421 21.059558 21.736986 
40.548706 12.802896 16.392109 14.673981 19.570798 21.687407 15.146120 11.093841 13.127376 17.670083 
39.882096 16.619452 15.320522 19.457170 24.466647 25.853028 16.944991 18.831589 27.588326 21.877768 
40.122158 12.483792 16.697620 16.602417 9.050506 22.436009 21.570648 13.681978 27.131044 24.511479 
41.052249 23.004237 21.374493 24.889566 20.138446 17.214415 15.659603 19.060296 20.645687 20.174874 
39.813350 22.909683 23.706939 21.337426 28.662912 20.269482 25.204814 24.353124 18.914206 16.378263 
38.936184 22.828807 18.336381 16.972288 24.922006 18.209038 20.825975 26.252041 17.844455 27.344486 
40.174216 20.635219 22.362169 22.552354 25.579452 25.052058 14.965463 20.903434 25.956742 15.391507 
38.784961 10.682022 24.832777 19.586555 21.004431 19.821929 19.215324 31.847316 20.532213 13.432951 
40.689172 17.880207 23.463826 20.209378 16.876950 16.216719 20.512091 17.509383 14.386497 28.658275 
39.412696 24.283076 19.324352 26.697345 21.380745 29.682860 15.083072 15.341366 23.247978 24.042117 
41.257303 15.028893 17.683689 21.781931 25.555078 21.259428 21.783418 21.903477 13.417347 17.959905 
40.089077 24.168240 18.228522 22.849517 18.785012 16.430011 11.418465 19.162459 18.102982 23.616708 
38.890363 21.505717 22.000326 16.224279 14.474881 23.645808 21.217714 21.293846 21.385065 22.447690 
40.770978 16.962172 18.119272 23.402211 23.727538 17.856959 25.326058 21.194385 18.975097 25.953805 
39.545056 19.830198 15.908371 16.911470 21.975746 14.755702 23.845325 25.694486 22.794007 21.084142 
38.765544 21.308599 17.755938 13.977578 27.515163 18.313130 19.911631 23.336493 19.054676 17.564545 
39.713633 25.662589 14.400357 19.038177 22.325891 16.582482 14.278379 26.058572 16.381195 26.752634 
39.736171 30.832389 17.230689 19.683504 17.434499 15.872868 15.703640 10.580893 10.797775 20.489074 
40.023662 18.525318 21.624668 21.662939 19.219896 20.905682 8.922637 16.599538 15.507224 23.058352 
39.133616 16.046945 21.966177 23.958168 24.680089 19.761955 28.296032 21.656526 13.182863 17.911363 
40.263913 22.331679 25.057891 18.785767 21.505329 17.029492 22.328759 27.172499 17.232274 25.948486 
39.026266 22.518507 21.840304 19.071089 16.869266 19.584820 23.048839 22.279891 13.010171 22.940679 
40.115229 20.728407 24.933327 17.804150 21.591764 17.200317 19.491417 23.115835 22.489217 15.048356 
42.067487 15.304963 28.183180 19.364521 29.137561 19.134052 15.374579 16.988643 25.767661 18.050212 
40.065096 20.555768 13.219746 18.724698 16.459624 12.499291 18.448709 26.484101 10.877340 13.842590 
37.753645 14.857470 15.782051 20.981258 15.682749 17.680022 12.506691 24.478847 18.510324 18.860354 
40.586355 16.447537 15.425814 24.202947 15.905217 18.587817 12.455369 19.166962 13.115814 16.490771 
