-0.019119 10.650256 
0.137050 7.981494 
1.798166 11.805116 
1.438374 8.174960 
-1.282820 15.820938 
0.523791 12.235747 
-0.070134 11.791851 
1.590957 8.932442 
0.546150 12.942667 
-1.324691 14.847292 
-0.586947 10.219211 
0.011750 11.088030 
-0.102657 8.229960 
-0.506101 10.157611 
-1.783083 10.799850 
-0.647863 11.620729 
0.419674 8.766040 
-1.072811 15.447016 
-0.254019 5.345865 
-0.066639 6.232173 
0.416112 6.716761 
1.615356 13.382825 
-0.058927 8.321712 
0.299428 9.691791 
0.776723 5.323688 
1.184040 15.897189 
-0.962360 2.619293 
-0.589306 11.110991 
-0.544412 12.885054 
-0.815658 14.446667 
-0.613252 11.891464 
0.207993 9.032136 
-0.014518 12.924862 
-1.813718 9.792465 
-0.010417 11.797989 
-1.030197 10.843269 
-0.230514 9.992827 
1.582008 5.690035 
0.447946 7.159711 
0.794428 10.391164 
-0.734393 13.413940 
2.291887 7.167119 
-0.475001 8.083719 
1.389199 9.696541 
-1.204777 6.133118 
-0.237827 12.424245 
-0.060694 17.179829 
-0.856174 9.646755 
-1.857571 9.854773 
-0.841815 14.062260 
-1.068666 9.563315 
2.245581 12.884438 
0.117638 5.167475 
2.545374 12.812683 
0.931397 18.420667 
0.860095 8.612539 
-0.179869 10.322830 
-1.398517 10.734842 
0.067345 4.096930 
0.700074 12.593175 
0.982014 16.429783 
-0.006195 12.737195 
-0.194017 16.516018 
0.914901 6.952585 
-0.560891 9.573518 
0.833407 12.266355 
-0.000538 8.785321 
-1.650008 2.833267 
0.650749 13.658660 
0.528870 9.838464 
0.825249 6.619561 
1.280986 13.720867 
2.061096 10.886496 
-2.364454 6.343891 
2.716426 9.707973 
0.746423 10.206946 
-1.354132 7.771915 
-2.170396 9.191902 
-2.436917 8.813133 
1.301898 7.942465 
-1.093068 12.414471 
-0.529889 7.039603 
1.150077 7.681533 
-0.600621 7.718067 
1.292795 8.289513 
-0.726664 12.056642 
-2.023964 9.519987 
-0.140561 8.617455 
-0.607631 9.744669 
-2.845629 10.122559 
0.187978 6.742115 
0.128231 13.353156 
0.153423 13.281469 
-1.386996 11.079689 
0.241009 9.534930 
-0.499087 7.395152 
-0.716229 2.517843 
0.238989 8.621700 
0.659551 6.829097 
0.468351 17.656282 
-1.621888 15.982414 
-0.032125 2.676119 
0.188881 3.423108 
0.767010 7.696110 
1.248974 12.415474 
-0.297300 18.337762 
-0.330082 12.874696 
1.197571 5.678010 
0.324722 6.984574 
-0.864406 12.386064 
0.578573 8.191452 
-0.581446 7.410678 
0.801198 6.940259 
-0.500458 9.727247 
1.377063 14.527338 
-0.746254 5.601299 
-0.830670 8.186836 
-0.180456 10.502159 
-0.777586 8.059402 
-2.241290 3.356921 
-2.154863 3.058857 
0.687882 11.109966 
-1.011191 8.309950 
1.203975 8.878641 
0.274834 14.829793 
-0.509290 10.594877 
-0.221881 10.496662 
-0.604692 8.609469 
0.282841 9.203766 
-0.189107 9.585121 
0.548522 12.515672 
-1.002565 4.725483 
0.494674 7.403486 
-0.435572 12.251341 
-0.004998 12.614163 
0.361889 7.911068 
-1.064378 12.002705 
-2.257169 9.574616 
-0.878863 7.730524 
0.700818 6.174028 
-1.716641 10.721338 
-0.352092 5.835189 
-0.987303 16.716071 
-0.245312 8.577842 
1.115329 10.492507 
1.014941 10.337385 
-0.131705 8.434135 
0.565911 15.137435 
0.658971 8.418275 
-2.003981 13.655701 
-2.448017 10.557511 
0.518028 3.809959 
-0.145225 12.228109 
-1.561997 9.100173 
-0.877005 10.653666 
-2.035041 18.390405 
0.418501 14.433458 
1.460942 10.396127 
1.308267 14.031364 
0.439104 11.879870 
-1.612312 16.151837 
1.864068 6.695866 
0.652736 15.767505 
-0.313993 10.445373 
-0.242750 12.068250 
-0.292082 8.166323 
-0.227513 12.597724 
-1.435650 3.290781 
0.624455 5.975841 
-0.680258 12.952106 
1.034992 2.612008 
0.080026 12.843684 
-0.736057 17.775697 
-0.726163 4.173645 
1.147693 10.036002 
1.001373 8.454946 
-0.211603 3.460757 
-0.173188 10.752377 
-1.544639 6.994576 
-1.383961 14.286937 
-0.074512 5.303424 
-1.745587 7.963621 
-0.463319 11.566893 
0.462232 5.221520 
0.196886 11.749279 
0.860326 12.010240 
-0.091942 10.279642 
0.945680 9.614689 
-0.705883 4.134899 
2.692573 12.134333 
2.096335 13.509167 
-0.099526 7.133663 
2.154531 8.414389 
2.313876 6.810986 
-0.357149 8.494420 
-0.309518 10.544256 
0.197837 14.181681 
0.478684 17.746899 
-0.078123 11.007810 
1.817229 5.380776 
12.553244 3.036674 
9.928041 4.595774 
11.860349 3.844096 
10.951940 4.493404 
14.184249 4.477909 
13.754167 7.110349 
5.352393 6.838485 
9.670248 4.972399 
14.961063 6.000984 
14.365264 5.896109 
4.426138 4.204182 
9.426722 5.848801 
10.183767 4.131955 
4.258649 5.380763 
5.755207 5.125220 
9.371616 4.134212 
12.459018 3.976804 
15.826456 4.025425 
9.668127 6.007384 
7.348131 4.939578 
14.260877 6.542222 
6.014175 6.016230 
11.546775 6.278049 
10.979447 4.879087 
10.269120 6.298557 
8.124571 3.538895 
8.566794 6.119475 
13.813460 6.169842 
4.456733 4.750584 
15.474802 7.257558 
11.782840 5.236067 
9.640142 4.110791 
12.694304 5.555282 
10.749738 6.002274 
7.615323 5.391773 
8.462055 5.933031 
9.286642 5.375132 
12.410627 5.967780 
10.630633 5.927115 
10.348910 4.896385 
9.728284 6.233680 
10.297930 5.730218 
11.034308 3.045624 
7.640914 4.868366 
13.141214 7.352300 
5.672749 5.419561 
7.091486 6.608121 
8.410375 6.806214 
6.069230 3.703029 
9.422371 5.404378 
8.546362 6.504260 
13.691176 5.744647 
10.907610 5.553648 
12.144581 4.674117 
12.228167 6.148225 
7.353230 4.006916 
10.326287 4.508171 
4.687400 5.965855 
12.498164 2.943704 
13.778110 6.157922 
13.587994 4.160694 
13.391531 5.413255 
10.328256 4.929435 
9.696448 5.447235 
6.504775 5.200020 
9.650502 5.733264 
14.242398 2.827721 
14.586565 4.644576 
3.246356 4.565651 
11.633574 4.096253 
8.544617 5.310738 
9.104657 5.248892 
11.265009 3.946347 
12.428390 3.754147 
5.067479 1.872833 
13.781307 5.709973 
8.760355 5.333319 
9.104924 2.857563 
7.056741 4.637848 
8.589653 3.597845 
12.811835 5.035712 
11.799128 5.227172 
11.646573 5.508465 
8.416100 5.844774 
5.405030 5.944736 
12.604202 3.157494 
10.809399 4.434343 
8.759712 4.538201 
8.296666 3.570417 
9.057591 3.307684 
14.270110 5.409310 
7.420367 5.226441 
13.505562 3.995619 
10.718445 7.250857 
7.576871 4.918823 
9.131503 4.796694 
10.710835 6.247066 
3.906406 5.468564 
11.884742 5.634606 
12.472881 5.069750 
11.067716 4.903033 
10.798674 4.270650 
11.176872 4.099018 
9.910124 6.239479 
10.688688 5.065295 
16.135603 7.519624 
7.315362 5.057171 
7.276051 6.527932 
9.654759 4.735836 
10.380186 6.569949 
7.711008 2.786778 
9.566671 4.064384 
10.311920 6.248589 
12.225626 5.337140 
15.564738 5.085018 
9.872956 4.750786 
3.092494 6.872831 
10.818247 5.030062 
10.131622 4.375655 
7.135942 4.735935 
13.151245 6.025756 
17.553265 3.593835 
6.603791 4.088805 
11.081383 4.200726 
7.609046 4.457891 
9.881413 3.635600 
7.790895 4.960812 
8.844687 4.574940 
11.216543 5.533766 
5.892272 6.250498 
9.111589 5.078623 
14.216920 3.305785 
13.857124 4.060938 
10.883690 3.338312 
9.005055 5.315279 
4.550867 4.105853 
3.513647 4.519993 
11.980749 4.272396 
6.737009 5.401639 
6.446147 4.063322 
10.136395 2.440102 
8.447249 3.539378 
5.395033 6.647490 
8.831260 4.153051 
4.617070 6.149422 
7.887174 5.524947 
4.839214 3.715553 
8.387122 5.073090 
9.839746 4.617670 
16.822252 4.510677 
13.963807 5.738599 
13.725037 6.051404 
9.627457 4.435485 
13.853065 5.754889 
8.077600 5.932915 
11.437425 4.418449 
10.790692 4.360455 
9.283785 4.434334 
9.603406 4.418423 
8.274353 5.058851 
11.145282 6.798912 
8.800829 4.118514 
4.378494 5.149316 
11.987494 2.799167 
8.786004 3.946549 
5.284931 3.534224 
10.688141 6.056243 
11.409219 4.444687 
13.278103 2.944771 
7.703563 5.221529 
7.497338 3.620414 
15.721665 6.345158 
8.238318 6.254761 
10.802661 6.497584 
11.358176 4.595211 
12.791009 5.422712 
11.751433 4.448423 
7.592467 6.145923 
2.685566 7.505792 
13.330632 6.064185 
9.713560 4.440146 
7.984215 6.038900 
11.096331 6.422233 
7.355652 6.208742 
10.908260 4.051109 
15.826255 6.359191 
10.045362 4.072811 
14.443951 3.959814 
6.699852 5.247565 
10.401988 5.508753 
7.307665 4.545759 
7.955159 6.515083 
9.802207 4.946214 
13.881981 6.392372 
5.623665 4.368985 
10.499914 5.063034 
10.850168 5.327840 
14.023398 4.245542 
5.580288 2.634769 
10.806153 4.091821 
30.407782 12.000900 
29.621800 12.284931 
30.153041 12.462761 
29.284830 13.710155 
28.078707 5.422145 
29.040116 17.961715 
28.833811 12.228950 
30.250481 12.089264 
30.615560 11.879548 
31.059246 8.429066 
30.250457 8.605181 
28.831075 9.681685 
30.399939 11.222299 
28.158536 9.260193 
27.661151 10.612699 
29.792013 10.964605 
30.484930 10.307687 
29.800253 14.026603 
30.116983 9.505798 
30.209286 7.676567 
30.561766 7.182639 
30.903806 8.276774 
29.688052 15.908743 
30.419624 9.283662 
28.042479 15.551794 
29.104636 12.523118 
29.583473 13.868775 
29.917237 6.211419 
31.168611 12.706095 
29.645016 5.336231 
29.806673 10.756656 
31.056624 11.453956 
30.685023 7.694075 
29.100828 11.182537 
30.247570 7.133032 
28.462877 4.192555 
30.292054 1.114082 
30.993155 13.548578 
29.495635 8.469801 
30.023813 10.370434 
28.519592 5.605402 
30.612767 7.559655 
30.122826 4.935131 
32.913827 8.176854 
30.131471 3.831180 
30.901891 8.462086 
29.933670 3.627708 
29.674650 11.913702 
31.140270 9.308227 
29.048964 11.395271 
29.170839 9.615889 
29.120247 11.570021 
28.937077 12.354252 
30.465631 7.660579 
29.252393 12.111570 
29.338495 4.687899 
30.751619 5.363448 
30.556511 16.577836 
29.532043 12.044357 
30.114269 7.044035 
30.129110 10.351926 
30.854912 10.030944 
28.789631 7.847330 
29.683557 10.338864 
31.563114 11.616057 
30.373911 12.611524 
31.089094 11.577483 
30.307010 17.071631 
31.774965 6.007180 
28.817120 15.539943 
29.701932 3.452686 
29.260476 7.835444 
29.322449 11.057415 
30.310764 9.395477 
29.838930 15.239182 
29.439617 10.353549 
31.033354 9.896254 
30.114743 8.883858 
31.526492 13.735559 
29.376935 7.281259 
29.248557 10.493925 
29.488461 10.390107 
29.288473 14.295895 
27.198608 10.861524 
31.188030 11.311417 
30.904408 11.227284 
29.916135 12.429526 
28.814130 6.485242 
29.368106 15.128597 
31.367843 11.176740 
30.095257 8.626329 
28.617770 12.689889 
29.651642 11.902263 
29.661368 7.820149 
29.646099 10.511376 
30.484344 9.451582 
29.862445 5.273921 
30.317876 12.794582 
31.824976 15.564660 
30.706657 8.966810 
30.491568 15.674064 
30.035207 12.874699 
30.672590 10.188024 
31.475238 14.913658 
30.583267 7.090100 
29.886453 16.802315 
29.755376 15.759854 
30.154352 9.842442 
28.228143 15.744930 
28.553431 7.729580 
31.534975 13.653928 
29.380162 1.214592 
31.119543 11.864740 
30.286180 11.841161 
27.060355 7.998845 
30.049233 10.697116 
30.957631 9.857671 
28.690760 14.273849 
32.662568 10.606966 
29.134875 10.886589 
29.812804 13.927561 
32.042330 6.319002 
31.591873 11.568080 
31.125074 11.209814 
29.490781 10.715848 
30.439713 5.926267 
28.840172 14.738318 
30.140545 10.241159 
30.228308 11.349805 
29.587150 7.031547 
31.182250 13.568460 
29.398416 12.228448 
31.189082 7.531596 
30.016541 9.215228 
31.158267 7.818525 
29.895448 15.920738 
31.096157 8.091287 
28.304377 9.383893 
30.121086 7.066800 
31.084560 17.285542 
29.242821 2.693655 
30.062048 6.969345 
29.747326 10.265169 
30.957740 8.050414 
31.249544 10.235232 
31.231938 6.785803 
31.150303 12.296592 
30.827110 10.915111 
31.759797 5.351826 
31.230676 9.130665 
28.740297 12.152188 
29.691281 6.103795 
31.018629 7.603491 
30.622679 11.436604 
27.423288 13.395476 
29.527088 9.640621 
30.310959 8.057262 
30.402018 9.054747 
28.776755 12.835974 
29.967726 7.367235 
31.349235 7.187928 
28.990950 10.201439 
28.715236 10.369504 
30.411666 7.164274 
28.406501 6.141271 
29.985901 13.597572 
30.032239 7.073786 
28.447703 12.496673 
30.345019 7.112261 
30.409899 9.874998 
27.817248 7.916283 
29.900391 8.455625 
29.225739 14.523055 
30.163056 10.636903 
28.493850 8.035751 
29.398498 15.567192 
30.719167 10.289602 
30.441281 8.172964 
30.321297 8.906773 
31.131074 6.631000 
29.761145 8.771746 
29.446268 12.112304 
30.188109 7.439163 
31.075182 7.860180 
28.120546 11.839461 
28.476416 11.676118 
29.279909 6.712255 
30.472555 11.064607 
31.255882 12.914597 
31.266031 9.637282 
29.476315 7.334650 
30.275596 9.689651 
29.151226 11.655824 
30.360943 11.893107 
28.524046 9.002250 
29.981707 11.787027 
30.413982 9.096244 
30.587861 7.909520 
29.902123 10.227886 
30.320446 12.611295 
40.261175 16.358053 
39.400221 20.749459 
38.609978 19.058848 
39.931170 20.329591 
40.417755 26.511599 
39.746350 21.028668 
39.887765 17.579306 
39.275625 19.674543 
39.789349 20.933259 
40.811057 18.715228 
39.106153 29.035521 
41.782299 22.457219 
41.055183 18.215175 
40.649896 24.465206 
39.769942 23.815007 
39.790742 27.435456 
40.174647 24.397813 
40.819630 24.917502 
39.081393 17.843248 
38.182808 16.671706 
40.104926 19.324024 
39.664190 24.220542 
38.567674 19.354789 
41.902868 23.960233 
41.124810 23.903315 
39.232658 14.282517 
40.979944 19.259394 
39.513605 17.777687 
40.625768 14.111309 
40.511955 24.203830 
39.120289 19.826225 
41.588609 23.893411 
41.650829 23.466879 
40.924072 17.403927 
41.455910 21.641293 
40.125690 16.976261 
40.285933 23.332255 
40.062097 21.524715 
40.722370 21.204310 
39.313272 15.708855 
41.273169 18.542971 
39.298279 23.157488 
37.802918 25.390159 
42.095996 19.308585 
40.543064 19.770588 
40.275482 21.055370 
40.136729 12.564417 
38.293945 25.547693 
40.386494 32.647113 
38.784593 18.586842 
40.021935 27.804930 
39.617926 17.369537 
39.681170 17.594761 
40.704350 24.074767 
41.237475 24.480337 
42.476984 21.631296 
40.259751 18.985856 
40.766848 17.315507 
40.657570 19.594202 
39.796123 20.575728 
40.161450 14.032766 
39.645918 19.905890 
40.273241 15.064356 
39.190055 20.810715 
38.977120 24.061737 
39.379779 26.389728 
39.557148 23.827838 
38.841233 25.657411 
40.635938 16.127597 
39.949883 20.245339 
39.383066 17.215357 
38.859198 21.427566 
38.428294 20.481674 
41.066736 20.424852 
40.281726 15.825596 
42.303868 17.959968 
39.889758 21.852418 
40.247283 16.521390 
40.396595 21.318635 
40.591068 22.247296 
40.136382 21.614279 
40.750293 15.843533 
39.548633 17.650737 
40.645016 21.721613 
39.724653 21.110410 
41.433099 22.314400 
40.287500 18.809934 
39.021792 21.922275 
38.842611 21.028626 
39.359070 27.262912 
39.821553 25.727403 
39.803698 23.565889 
39.204614 22.333348 
39.770953 21.904740 
39.287871 19.021383 
41.440665 16.946492 
39.141197 19.333552 
41.172417 26.261195 
40.701292 21.590549 
39.586687 26.529405 
40.426758 22.528108 
40.621474 19.502052 
40.286875 12.853527 
39.714147 14.600222 
39.386130 18.337746 
39.602251 18.276579 
40.645823 16.934585 
40.930010 21.092131 
39.327809 19.104283 
39.442784 18.924298 
38.820748 17.156243 
39.895270 18.260248 
39.571281 28.864555 
39.990942 18.919535 
40.801892 20.786835 
39.444613 17.414753 
39.147636 12.757912 
39.451443 16.436922 
40.369653 18.329399 
42.555358 22.664221 
39.438296 16.537354 
40.019663 20.506809 
38.901557 15.677512 
39.219077 18.253366 
39.913542 15.567927 
39.368647 20.632336 
40.069388 15.621987 
39.530766 19.758735 
38.314479 22.537293 
40.389471 16.997521 
39.625738 22.224007 
40.327964 20.507672 
41.356097 11.811457 
40.604335 21.333008 
37.673576 18.006322 
40.016987 15.411297 
39.217784 19.925443 
40.146482 11.906949 
38.340466 18.801028 
39.869742 23.165524 
41.993126 20.787057 
40.195908 19.388523 
40.458402 16.022241 
40.576764 23.510966 
41.410272 17.920955 
40.062047 19.714843 
41.181822 16.865317 
41.442045 17.070572 
39.847873 21.491328 
42.316695 18.313976 
40.806919 17.711344 
39.847857 22.127207 
38.893441 24.812781 
41.243096 17.158266 
39.482730 19.337661 
41.800245 20.794120 
40.275743 21.119312 
39.646546 21.301281 
39.847778 24.231699 
39.697310 17.604473 
41.745195 18.584674 
39.682763 18.752853 
40.018034 25.311419 
39.003594 19.755490 
41.175234 16.678460 
39.120116 20.854625 
40.812453 22.554583 
40.206242 23.931187 
40.185342 18.727130 
41.336200 13.666870 
40.885436 23.088572 
41.175141 22.603835 
39.381367 20.634475 
40.303441 25.849254 
41.055652 17.475550 
41.468420 21.208229 
40.468768 26.142413 
39.450840 27.748598 
40.599009 23.028388 
41.573208 25.017871 
39.837242 23.830179 
40.444487 16.366934 
39.465332 14.950688 
39.870806 14.280616 
39.013299 20.233158 
40.356027 26.250191 
39.254734 18.431415 
40.565163 20.724273 
40.030080 27.868952 
40.004660 23.164310 
40.051549 20.720691 
39.673574 12.486321 
40.402783 23.756764 
39.811711 19.738321 
41.336330 17.157122 
40.924271 20.394686 
39.786910 21.574701 
39.559387 18.252950 
40.035914 16.456259 
40.759917 16.060260 
40.849692 22.843919 
39.596600 23.623017 
38.803422 20.015330 
39.935380 18.202405 
41.060675 20.192374 
40.597467 17.852691 
38.169554 23.414018 
38.623482 17.116558 
41.260959 22.329906 
39.472523 11.717966 
39.887837 20.394816 
40.542468 13.394566 
38.578502 17.795768 
38.440345 14.312147 
39.822694 19.429156 
37.747420 16.039099 
39.194306 15.128428 
39.941677 15.854651 
39.635832 19.889570 
39.934978 18.764395 
39.944787 21.099141 
38.091373 29.996681 
40.280633 19.223701 
41.192132 13.398393 
41.159239 23.782247 
40.184630 22.656771 
41.724338 20.052707 
39.151835 21.296403 
41.241546 21.902979 
39.362171 22.366874 
39.620168 24.304758 
39.752289 18.633825 
38.250913 16.018140 
40.311709 17.074971 
38.533755 23.411986 
40.625954 22.120197 
40.033531 15.742656 
38.697118 20.593190 
38.303864 26.693721 
39.814321 21.251327 
38.805541 28.046547 
41.152768 20.225037 
42.045715 29.326101 
39.243813 16.435904 
42.008153 17.553265 
42.232642 16.136248 
39.626857 21.493114 
39.350908 22.924616 
40.768866 28.600481 
41.404872 23.747870 
39.527276 17.930806 
41.582806 14.682981 
38.123701 14.316592 
40.637127 29.920848 
40.550163 22.620569 
39.571567 23.868554 
40.373280 26.638047 
40.792135 22.638293 
39.335181 18.722739 
39.969923 20.391608 
38.302584 30.118461 
39.518423 19.882617 
38.143885 23.550413 
38.895165 25.404691 
41.298051 16.923097 
39.831796 20.425599 
40.130616 13.691415 
40.529728 15.457933 
40.023164 16.745112 
40.664396 22.872550 
39.910842 14.665769 
41.262997 24.314063 
40.094132 14.960540 
39.012690 17.290612 
40.377919 20.407097 
37.876534 21.392272 
40.784841 21.814381 
39.791663 21.712771 
42.705022 20.557554 
40.262607 18.319785 
38.717646 19.819256 
40.057309 16.583948 
40.800670 15.894811 
39.965719 20.054413 
38.934987 17.027850 
38.946895 24.019024 
40.085088 21.054209 
38.826962 27.881251 
41.900493 21.016678 
41.282644 18.857119 
39.986427 22.478288 
39.129667 18.002926 
39.251891 20.212595 
38.681719 15.742872 
39.842325 17.408960 
40.708800 14.924511 
39.241966 17.130633 
39.707809 23.626661 
39.938119 19.337991 
38.613827 19.014623 
39.100449 16.160393 
42.787369 18.936696 
38.453498 13.125123 
42.082051 21.565488 
39.981914 15.410190 
40.689766 19.873155 
40.873580 19.441694 
41.534597 14.253573 
39.440654 19.935193 
39.629223 20.117446 
39.790744 21.872787 
39.211541 23.866752 
38.286188 22.896941 
39.951757 17.419910 
40.641728 25.951536 
40.862614 24.276864 
39.221792 25.517114 
40.901316 20.007943 
39.727667 18.516527 
40.895052 21.966696 
39.782214 27.396768 
40.587054 22.557413 
41.880716 22.979286 
39.565681 23.826082 
39.512546 19.271221 
40.907214 21.087835 
40.728433 23.324920 
40.802534 18.567489 
41.392614 18.640093 
40.030640 15.283496 
39.146436 22.316802 
39.577294 27.798356 
40.217833 19.703733 
38.791995 15.917773 
40.047857 16.712269 
39.842607 23.771811 
39.596466 13.407281 
38.297248 11.958557 
39.629844 18.671335 
40.144763 18.872062 
41.472830 13.711278 
39.812001 16.763210 
39.591881 21.076830 
40.015324 15.107136 
40.318585 20.023668 
38.429649 14.046511 
39.967545 20.141173 
40.793947 20.762613 
39.793786 23.913003 
38.469217 20.400745 
39.564214 20.854480 
40.764698 22.589572 
39.020917 20.612735 
39.151478 24.788365 
39.514651 19.323172 
39.503673 25.563084 
40.679599 17.476119 
38.496306 19.826300 
41.082098 17.397455 
42.118189 15.214633 
39.293712 18.359887 
41.268217 17.684002 
39.235772 24.137314 
38.557216 22.653699 
38.652708 15.702476 
38.863588 23.324649 
39.358184 25.325275 
40.407240 22.315862 
40.547088 23.536184 
39.269117 22.235965 
40.889711 25.965339 
39.673184 17.869519 
38.827382 19.625475 
40.168346 22.420417 
40.961835 19.426525 
37.147246 21.828822 
38.902112 21.802650 
40.787411 19.504058 
39.988123 24.589693 
41.044082 16.080428 
40.504700 19.164139 
39.965185 10.048027 
39.150978 20.676376 
40.584814 24.819669 
38.638769 19.528338 
40.390129 20.359632 
39.817944 15.023244 
40.595100 19.060354 
39.069292 23.271012 
39.818927 23.796333 
39.294640 22.958719 
40.675918 18.499253 
40.107915 20.788464 
38.595918 19.245668 
36.586520 16.542815 
39.525992 20.250022 
40.637233 20.365122 
42.092414 21.268012 
40.254532 16.522719 
40.674868 22.228632 
39.591401 23.893067 
37.551974 29.724576 
39.092328 14.615774 
39.568665 16.149285 
38.674649 23.606166 
41.506358 19.591393 
39.205286 22.746217 
37.023579 21.513270 
40.673308 21.589612 
39.410816 19.508387 
38.055805 22.447124 
40.040175 17.569285 
41.143115 22.495131 
40.008958 24.793963 
40.595111 15.807161 
41.111933 24.929196 
39.398392 16.616966 
40.244570 20.110242 
40.820910 18.913286 
39.069329 27.072585 
38.946257 26.020863 
39.856766 14.267865 
41.429380 19.126618 
40.458447 22.086678 
40.045910 18.720142 
39.359096 16.956693 
39.772379 22.584587 
41.554306 16.866371 
39.920584 11.784001 
39.556113 23.994919 
39.146939 16.609526 
39.360807 24.606848 
39.579593 22.852813 
41.141547 17.732635 
39.609630 23.358344 
39.128341 15.155761 
38.761454 16.930408 
41.241444 20.079586 
41.709955 21.519593 
38.879338 14.362843 
41.801754 17.613806 
39.245678 15.678504 
41.562185 25.997875 
41.239666 29.613573 
40.511175 12.557034 
39.985198 28.396649 
39.177691 15.961407 
40.212637 13.655357 
39.928165 17.398567 
39.434391 18.291384 
40.643773 21.085394 
40.358738 22.983281 
39.407009 17.317894 
40.716054 20.352368 
40.336674 16.432640 
41.387967 23.079523 
39.629234 18.642747 
37.337228 15.985451 
40.591497 17.457669 
40.689119 26.961953 
40.015454 11.506101 
40.256579 18.509368 
40.177563 22.850294 
38.352177 25.231095 
40.193297 20.804625 
39.690791 19.941928 
40.247250 17.105386 
41.367767 16.459790 
42.247419 14.967948 
40.798878 19.020548 
41.035347 17.375044 
41.928643 17.768391 
38.910288 20.960110 
39.146083 15.310933 
40.103542 17.346333 
41.770687 22.521956 
40.667304 18.419990 
41.186556 14.560748 
39.114658 19.487660 
39.546186 18.533682 
39.637383 21.996901 
39.291413 16.972816 
39.617993 21.920260 
40.964412 16.679926 
38.353995 19.059631 
39.962137 20.848373 
39.897409 18.066131 
40.093266 19.287668 
40.458633 23.246790 
40.565456 20.851630 
40.080362 19.242614 
38.583299 23.254461 
40.844811 19.285768 
42.067301 22.209461 
41.242285 19.970936 
39.390095 26.125371 
40.916155 20.132931 
38.376202 20.161459 
40.194560 26.530113 
39.340305 14.007031 
40.698312 24.279566 
38.912089 25.633106 
40.408692 23.849884 
40.001860 16.996728 
40.258702 21.173317 
39.609516 22.476432 
41.987421 27.068023 
40.982947 27.581781 
40.672841 18.567379 
39.955223 22.089436 
38.562779 16.052443 
40.839349 17.948358 
39.495536 26.957542 
39.580222 17.773214 
38.817200 15.006813 
39.839075 19.293075 
38.521290 17.846440 
39.859006 10.370660 
39.844263 20.053470 
38.723398 22.208404 
40.682272 23.917210 
40.462839 11.686545 
39.965197 24.578917 
39.000484 18.497095 
39.811182 15.042617 
40.067618 22.810854 
39.368292 12.383008 
39.346728 28.319556 
39.694789 28.259657 
43.237687 14.282437 
38.971508 23.880963 
37.833862 21.408225 
40.692304 17.037794 
39.428836 23.100757 
40.356476 18.923917 
39.150841 18.528382 
39.788481 14.913031 
40.426575 20.320279 
39.529547 14.364596 
39.994019 22.207172 
40.151721 20.791798 
39.593414 21.861370 
39.174936 25.969253 
39.679227 15.257607 
40.088465 19.108605 
41.186735 22.986564 
39.572060 20.351006 
39.145789 21.879705 
39.236872 16.147574 
40.202396 21.520024 
38.981165 19.004420 
39.890086 21.226005 
39.324492 11.917823 
39.750049 28.762959 
39.035329 24.629819 
40.941500 18.675564 
39.851975 23.111876 
39.852182 28.119502 
40.845126 19.494004 
40.212373 20.997649 
39.842421 13.943066 
39.583461 21.244292 
41.213711 17.437207 
39.878347 24.214188 
39.962458 20.147788 
38.898440 15.116150 
40.110072 22.967226 
40.101011 22.014063 
39.451692 21.144017 
41.092268 25.752123 
41.380085 21.827054 
38.611404 16.762165 
40.076438 17.433787 
39.429686 18.734829 
40.184935 16.785395 
40.610472 18.815544 
38.412900 24.258173 
40.414600 25.113543 
39.417536 19.977109 
38.536461 20.434077 
39.975486 21.821251 
40.774726 23.317377 
39.718050 17.236109 
41.698790 20.198309 
40.720302 16.479753 
41.470550 17.511353 
40.545853 28.812936 
40.080677 21.412804 
40.642385 18.115949 
40.883685 22.897186 
39.641312 25.906467 
40.572020 17.968670 
41.022635 15.319162 
40.770152 24.089972 
41.072804 14.614609 
39.675910 16.052610 
38.381917 17.881876 
41.370572 21.514268 
42.285520 20.244391 
39.026506 17.333580 
39.758353 24.696160 
40.142050 23.367567 
40.372794 12.998312 
38.779761 19.003627 
39.293915 23.959213 
40.158454 11.219255 
39.798319 16.942262 
40.258864 18.594870 
39.602418 23.213738 
40.934293 21.436007 
41.256761 17.498227 
42.258894 12.260193 
41.231014 21.123446 
40.972547 21.247374 
39.920862 23.723699 
38.798945 19.121103 
39.592229 23.681960 
41.541394 22.012798 
40.564188 25.199719 
40.102095 15.797118 
38.343451 13.433103 
40.027484 20.988086 
38.872106 18.360746 
40.847947 24.619484 
38.853183 16.159932 
40.944154 17.397086 
39.425498 18.805976 
40.707061 23.096525 
38.773402 19.485620 
40.567827 15.695562 
40.023058 24.910414 
39.690319 16.768469 
39.051896 23.530911 
40.425680 23.534396 
39.551327 20.640270 
40.891490 18.895894 
42.084283 13.921868 
40.884158 21.339508 
39.733228 11.643615 
40.379694 19.186590 
41.117493 18.823386 
41.191545 18.085478 
40.344105 18.158406 
40.829758 13.236746 
40.597879 15.321290 
41.237067 24.722414 
40.354322 22.617795 
41.590436 22.757852 
39.730882 23.847883 
41.873376 15.279416 
39.389077 23.609756 
39.436433 23.156037 
40.112716 24.623605 
41.327749 16.359359 
40.581606 21.357743 
39.681117 26.102895 
39.653757 22.626663 
39.315136 15.689154 
38.224140 14.972344 
41.773701 21.195475 
41.256535 22.276755 
41.432973 24.674318 
40.761232 20.393548 
40.498067 16.277736 
40.582678 21.581068 
38.441074 24.339184 
40.822808 21.889055 
40.350714 21.878341 
40.914528 22.128296 
39.244339 25.880075 
42.602753 15.218626 
41.393910 17.477114 
38.352177 10.156342 
39.496711 15.491956 
39.916736 15.275589 
40.591693 29.510973 
39.472818 20.384526 
40.247736 16.474333 
40.436619 25.475358 
40.152936 22.396503 
41.144273 16.423079 
38.923985 15.909937 
39.050782 17.659473 
39.756156 18.884329 
40.154665 27.429171 
39.840399 10.278737 
38.959211 14.932532 
41.257534 20.127551 
40.711670 20.263623 
39.716970 24.908866 
40.588272 17.535797 
39.862271 17.214061 
40.314043 21.856283 
40.831900 23.867614 
39.032156 16.309916 
39.856540 22.505726 
40.948461 16.986431 
39.269490 18.763788 
39.475027 27.001781 
40.989545 22.092557 
40.073024 18.088012 
41.193840 23.514308 
38.434935 24.396687 
42.058923 16.958507 
39.562239 26.767755 
39.240290 13.732512 
39.446869 22.954455 
40.107801 20.791969 
39.458516 22.224932 
40.211767 17.028993 
38.762936 18.340840 
40.580189 18.374222 
39.962147 22.822535 
40.123247 21.017184 
40.751184 24.915798 
38.524893 23.372923 
40.016320 18.400143 
39.482315 21.386915 
39.354076 22.036245 
39.984737 18.477501 
39.267058 19.133627 
40.821026 19.747162 
39.759166 16.698852 
39.417795 21.206863 
41.615128 14.631440 
39.481723 21.563473 
38.607762 24.220789 
39.700940 24.927261 
38.733135 17.714430 
39.512835 25.235910 
38.502245 16.290197 
40.508666 15.313135 
41.712530 23.184881 
40.029576 15.207199 
40.041844 20.336239 
39.893820 10.635556 
41.201251 13.658150 
40.582026 21.304644 
40.396898 20.144811 
38.925596 18.545077 
41.264226 16.782378 
38.812279 19.695033 
38.539440 27.065533 
39.486429 21.302442 
41.538344 15.186429 
39.131734 19.651490 
41.438463 18.311880 
42.192070 20.262268 
38.852422 28.086109 
40.450152 23.302025 
39.884966 17.533672 
38.226511 23.165896 
39.550430 18.580428 
39.621098 22.883987 
40.253790 23.177782 
39.872840 22.642622 
39.066184 17.533130 
38.531351 17.404104 
40.378910 22.227578 
41.638086 25.643890 
39.493063 15.631228 
39.572284 20.859246 
40.078927 16.849961 
38.924053 15.793162 
38.207477 16.744947 
39.415369 23.041977 
38.933693 18.733469 
39.630253 14.508523 
39.453030 15.297593 
40.333644 22.325878 
40.685821 11.904109 
41.585613 23.766736 
40.485124 23.151504 
39.913480 25.983362 
39.564566 10.637588 
40.119272 26.429869 
38.787985 17.077085 
40.288204 25.282098 
37.980605 27.282706 
39.305191 18.211546 
40.180615 21.849050 
41.327646 17.939541 
39.095642 19.752873 
39.953294 18.947757 
40.237420 21.027287 
40.225077 15.232432 
37.053483 18.684344 
40.382692 23.752270 
38.321468 17.830958 
40.282738 23.798869 
41.093421 20.524748 
40.718104 16.585620 
40.548564 14.881215 
40.506781 26.003765 
38.643299 21.277760 
39.175311 17.653654 
37.521103 15.929478 
40.808590 20.823894 
39.374814 17.993033 
41.065120 17.717274 
39.799793 18.539695 
39.403076 16.553767 
40.279454 22.621416 
39.357796 16.791063 
39.511089 23.918389 
38.908687 20.466712 
39.624041 18.118586 
39.486169 21.510386 
40.059281 20.269726 
40.818983 17.170506 
39.715372 19.480597 
41.310426 22.829521 
41.262102 22.740170 
40.840314 20.369064 
41.074262 23.052123 
39.120486 26.593135 
39.916574 9.595247 
38.838150 12.864876 
40.387937 23.874984 
40.240202 21.867028 
39.895556 25.420787 
39.058899 24.401025 
39.138435 22.258180 
38.183521 11.146789 
38.392411 14.182714 
38.707624 21.560983 
39.820548 15.249940 
41.253377 26.004691 
40.290555 20.447964 
39.071910 24.995317 
39.883405 14.388712 
39.475610 17.003833 
40.223809 6.579839 
40.578945 25.081410 
39.254480 23.016830 
40.443299 16.559002 
39.411734 23.298136 
41.212127 26.869817 
40.929429 21.526019 
39.826107 12.495675 
39.565025 17.805179 
40.547022 20.688963 
40.829587 24.056034 
40.376186 19.171826 
40.189305 20.525208 
38.324080 21.263072 
40.413970 19.562823 
38.325709 20.860596 
39.709394 22.500145 
40.932534 19.372653 
39.072052 26.960115 
37.843397 24.668935 
41.108319 18.690720 
40.251787 13.673113 
40.627697 15.248859 
38.370821 9.812930 
39.825828 23.598763 
41.814120 13.517023 
38.302405 24.252797 
38.953155 15.698728 
40.566246 20.452946 
37.725297 17.993052 
39.549485 20.588366 
39.886342 16.479187 
39.253626 12.463357 
39.689959 16.338560 
38.199158 18.499253 
40.175839 18.618467 
41.051042 24.216696 
39.846142 17.986400 
40.096703 27.396696 
38.860099 26.555461 
39.785073 27.813754 
40.264359 9.361007 
39.722109 15.972168 
39.946212 16.023011 
40.190174 19.556244 
40.207769 18.275579 
40.145073 23.098014 
39.167485 21.911548 
39.426362 23.289935 
40.626308 21.591332 
38.694888 24.323369 
41.087998 26.382388 
41.069961 13.918244 
40.809854 24.108948 
42.183234 20.324271 
39.687875 22.059808 
38.652277 24.887685 
39.063913 21.105152 
39.817624 14.531759 
40.535402 19.362018 
40.556122 21.467617 
39.800070 21.214705 
40.290752 24.619498 
40.145069 20.850014 
38.955342 18.107644 
40.035915 18.305984 
40.456198 14.850967 
41.285180 18.462599 
39.710436 19.211447 
39.758101 11.667976 
40.874786 15.773210 
39.469566 20.178729 
39.341615 15.694204 
40.202645 21.948274 
39.766800 21.809333 
41.295594 23.753758 
39.615787 17.280524 
40.720312 26.061561 
40.066776 17.016040 
38.817940 13.569193 
40.075852 18.271143 
40.556427 17.735310 
39.193703 24.188327 
41.091820 18.701112 
37.896172 17.483646 
41.054218 16.147699 
42.328540 24.401077 
40.267413 12.338019 
39.274248 16.155897 
41.692525 26.087810 
41.418173 17.241698 
38.838147 27.152428 
38.162313 22.597793 
39.810542 25.423460 
42.147078 11.921984 
39.473667 17.537095 
40.368583 15.948281 
40.558557 21.403369 
39.479579 15.257201 
38.733578 16.385929 
40.914917 22.604841 
40.580769 18.132840 
40.420089 15.799516 
39.292624 20.547948 
39.771753 23.536422 
40.511694 25.394150 
39.270783 20.776881 
39.783825 18.661396 
38.530417 17.505853 
39.433657 19.285664 
39.549756 20.863451 
39.564806 22.117967 
38.633327 22.390036 
41.806699 19.148950 
40.423195 17.949917 
40.322052 17.975398 
40.777099 15.655795 
39.836737 24.843972 
40.224234 12.030347 
40.119824 19.494022 
40.569862 11.880439 
38.559809 17.628750 
40.065918 23.004265 
40.200437 30.076414 
41.499762 17.768396 
42.062738 17.857917 
40.273811 21.246942 
38.059166 23.812141 
37.068020 20.486262 
40.888619 23.150117 
40.139281 12.283232 
40.157607 14.506938 
40.192579 24.326994 
40.191414 21.993990 
39.805172 22.833567 
41.394889 19.836326 
37.856664 19.039664 
40.130369 22.708979 
38.291492 19.152450 
40.165878 16.446842 
39.649744 28.809769 
38.568139 21.410131 
39.452948 21.374509 
38.431236 16.017257 
40.402463 20.335513 
40.511540 18.904225 
38.427119 23.922980 
38.503514 23.816434 
38.828726 20.232772 
38.857138 22.376572 
40.352596 20.472902 
38.951406 16.443553 
39.860891 16.991709 
39.155340 14.116188 
41.148317 16.732239 
39.318750 20.687475 
39.854335 19.338310 
38.901374 22.119962 
39.083347 17.510585 
40.192316 23.607128 
41.246899 23.093814 
41.100944 20.063467 
40.995946 21.449845 
38.893079 23.334007 
40.124433 11.943680 
40.648983 25.131515 
37.987242 22.037831 
40.863666 14.620390 
41.372388 16.843569 
39.490577 23.057038 
40.095498 20.629471 
40.390764 24.078121 
41.416848 15.360749 
37.525579 19.990517 
39.876608 16.050507 
41.330828 21.611251 
41.047476 11.892595 
39.390691 20.587138 
40.341020 19.160827 
40.840223 21.083285 
39.008775 16.115025 
39.306088 28.034888 
42.442611 19.491215 
39.448773 19.414284 
39.928320 20.339983 
39.644873 22.250500 
40.496043 17.330555 
38.891518 21.135784 
40.992267 18.927624 
40.541646 29.345208 
40.141284 24.875257 
39.884428 24.388498 
39.299258 24.819430 
40.618171 19.102312 
40.088415 18.690576 
39.248618 20.213706 
40.771433 12.527667 
39.588854 18.613846 
40.257384 22.365982 
40.113769 14.122357 
40.285721 18.949296 
41.935497 23.688376 
40.393569 22.364836 
38.296366 18.374619 
38.586706 22.945783 
38.472845 22.319229 
40.453626 21.931562 
40.222561 21.585940 
41.504744 18.013945 
39.921650 19.618652 
40.412113 13.959770 
39.650586 20.335873 
42.394807 15.524274 
40.342023 25.203698 
38.554378 23.935727 
39.970346 25.452585 
41.253161 17.351493 
39.591375 32.683273 
40.018598 14.994462 
38.142413 16.215133 
40.027610 26.889916 
40.036736 19.598392 
40.091039 21.048140 
39.871100 25.514998 
39.151445 21.169978 
40.684411 18.010839 
40.233666 18.070349 
40.603245 15.285956 
40.577531 18.421002 
39.542341 13.375786 
39.934774 23.084397 
40.520797 19.368343 
40.475563 21.667809 
39.088959 22.011418 
39.649406 19.415138 
40.058635 16.250105 
39.103065 11.623891 
39.511945 20.414833 
41.444962 17.736923 
39.287626 15.166977 
40.114977 19.479124 
39.580274 18.040611 
40.473560 12.501606 
41.163457 22.814183 
39.487776 14.633460 
41.413351 8.532693 
40.955651 19.733999 
39.473086 17.681560 
40.123442 15.067988 
42.126684 26.417755 
38.713754 14.106591 
38.806237 23.051346 
39.135117 22.939859 
38.143084 16.248359 
39.957389 17.258086 
40.280913 20.463798 
40.251616 17.043299 
40.665270 24.948265 
39.901066 22.734196 
40.530549 19.304456 
40.389319 18.342315 
40.893142 16.439565 
39.189021 19.511820 
41.821983 15.363938 
39.936965 10.267361 
39.528587 24.186683 
41.823868 22.182668 
39.893007 22.565436 
39.821942 16.347675 
39.939943 24.443032 
39.123622 17.207022 
39.045998 13.220010 
38.920200 20.854506 
39.255816 17.972320 
40.913565 27.957257 
40.320444 16.391292 
40.820218 16.205010 
40.980684 20.012909 
38.931578 19.735990 
41.815088 13.114705 
38.813998 19.971117 
40.262983 21.268114 
39.830719 23.477586 
39.880630 22.107193 
39.500709 21.532720 
40.677808 29.874307 
40.901900 26.838592 
40.224171 19.631915 
39.103342 17.158268 
40.541410 25.302725 
40.833026 12.551185 
39.771907 22.446995 
38.424553 22.372552 
39.037013 17.250735 
40.357814 8.920613 
40.310013 19.694524 
39.208517 18.604028 
39.782546 18.136910 
39.196804 20.987708 
39.761988 16.285462 
40.141594 23.934821 
40.146443 21.834642 
40.887226 14.975172 
41.297256 25.833679 
41.329478 19.891694 
39.349346 20.334290 
41.857725 18.116725 
40.229487 16.478202 
39.544769 15.948267 
38.247051 18.432128 
38.771231 22.879394 
39.160328 17.148465 
41.241801 25.129640 
39.460991 22.464469 
41.456855 21.992582 
39.251430 18.881610 
40.626062 19.930490 
39.710487 14.972582 
41.845990 12.604623 
40.706486 18.611441 
41.861793 25.340667 
38.857440 20.730820 
38.568384 20.721859 
37.555870 24.632503 
39.658404 16.901685 
37.560097 27.963037 
41.237127 11.154061 
41.484580 23.648508 
39.189186 19.572302 
38.116406 26.632448 
41.000741 19.004059 
38.261137 21.233122 
40.422836 29.080219 
39.377689 18.472013 
40.261726 15.050268 
41.519722 19.472163 
39.757802 25.350668 
40.029155 27.801242 
42.462451 26.330569 
39.937701 16.440041 
39.753414 25.088340 
38.173896 23.780051 
39.522247 15.780582 
39.465433 18.095971 
39.571469 16.462443 
40.077790 21.347627 
40.663533 25.373406 
40.985298 18.679847 
40.966007 19.051997 
39.215393 20.320701 
41.246178 20.807131 
39.696909 14.016563 
37.833058 20.223627 
39.081131 25.439372 
40.425507 26.482101 
39.946925 20.626994 
40.393445 23.852261 
41.421348 14.797360 
40.150388 13.047822 
40.658779 20.618527 
40.599979 24.703372 
41.397628 20.184698 
40.808576 13.867999 
40.119709 21.760876 
41.521675 26.038207 
39.250757 25.018632 
39.615279 23.526923 
39.848258 13.461733 
38.148437 19.378537 
40.273986 12.809935 
39.302360 25.861768 
39.523746 11.171724 
40.481357 16.967438 
40.271272 23.887421 
40.906183 11.739020 
41.061535 17.292982 
40.414579 20.082042 
40.118545 13.817325 
39.191827 18.222741 
39.539282 16.440880 
41.033081 19.660477 
40.720149 20.079432 
39.221302 21.267710 
40.048707 20.796022 
42.477984 23.814436 
39.243571 22.182364 
41.495794 26.968719 
38.936859 24.892559 
39.308100 24.108733 
40.847649 22.482269 
40.925610 16.567662 
40.907287 12.617413 
40.293808 21.448346 
40.935130 28.446526 
39.504504 20.047635 
41.501709 21.072467 
39.797581 14.451620 
38.758006 22.589372 
39.589090 12.757724 
39.227883 19.396296 
40.893155 16.255401 
37.592327 23.597721 
40.215107 18.282578 
41.228603 23.728106 
42.266281 14.312865 
39.612581 17.997451 
40.746499 19.458822 
39.937316 21.952998 
39.209333 23.537203 
40.897070 19.340007 
39.941574 17.829536 
39.523633 18.252800 
39.941675 22.167189 
39.508406 15.254213 
40.186149 20.570036 
37.935974 17.746714 
40.273248 19.465060 
39.690960 24.725874 
39.880196 17.472930 
40.356194 22.219845 
39.346885 20.325060 
40.430255 23.084313 
39.659958 15.459055 
40.301139 20.475066 
39.112413 16.755813 
38.992586 17.543344 
40.829598 22.425733 
39.833855 20.989965 
39.348924 24.652308 
41.209064 22.422687 
39.404761 13.554984 
40.464599 14.023678 
39.347963 20.067874 
40.376124 22.424278 
39.086566 34.234154 
39.561908 19.542749 
39.804434 22.664144 
39.357559 19.039051 
39.768241 27.685305 
39.633902 22.831731 
40.294942 17.604258 
40.423824 22.968925 
38.899819 23.890464 
39.035874 13.779159 
39.721451 16.727078 
39.302423 26.782371 
39.945799 14.881944 
40.950153 24.417569 
38.065867 20.519009 
40.479544 9.902281 
38.248773 18.165087 
39.161666 18.495438 
37.966634 18.904232 
41.465718 23.169991 
39.718232 19.580443 
40.197641 20.928586 
38.749362 19.734742 
39.303855 17.657676 
39.532386 19.061400 
39.964962 23.025484 
40.855631 20.547975 
41.145480 13.426434 
39.164939 18.952741 
39.466320 10.059685 
40.065471 18.659906 
39.677201 13.088922 
39.830113 18.060243 
40.578445 23.883997 
41.291600 18.728537 
41.045617 26.253174 
39.910491 20.830077 
40.500676 21.942360 
40.000040 22.190924 
39.656661 19.114197 
39.123823 18.977182 
41.597430 20.828447 
39.787083 18.690607 
39.424702 18.123769 
39.948145 19.369371 
41.227460 20.776350 
39.681106 24.680112 
39.855504 16.591964 
39.874931 24.889516 
39.715060 24.611285 
40.605651 18.097144 
39.734677 20.928527 
40.218915 22.222823 
39.534122 21.515483 
39.933972 21.120468 
41.084667 24.838546 
40.076881 16.486356 
40.865258 23.953439 
40.943622 21.610803 
38.896215 22.390518 
40.307236 22.915090 
40.760048 24.414481 
39.813973 25.573059 
41.092779 10.152717 
40.796356 21.144508 
40.714791 17.542168 
39.236727 24.966374 
39.774541 19.277346 
41.034660 19.746086 
41.368097 13.449645 
39.991510 20.470385 
39.314990 12.594779 
40.510210 12.068540 
40.797305 19.104242 
41.139435 21.797420 
40.702419 17.159343 
37.545932 20.750045 
39.655127 20.883206 
40.637834 23.511518 
38.910960 19.158916 
40.383327 16.780108 
39.560633 24.578960 
40.819184 17.394262 
40.543377 16.891540 
39.284498 20.231892 
38.561684 24.138553 
39.122661 9.959536 
39.889899 12.781428 
39.982691 15.827400 
39.752605 22.537915 
38.471567 30.106093 
39.868602 16.706051 
41.139217 29.435169 
38.327067 24.116300 
40.879355 24.342575 
40.394740 26.555275 
38.920037 16.550329 
39.531419 22.513048 
41.316743 20.522782 
39.201204 21.947142 
40.498867 23.090002 
40.422151 33.007447 
39.932556 17.047021 
39.450721 17.165158 
40.491247 14.740793 
40.134240 21.638066 
40.322562 15.087464 
38.993174 20.862296 
39.873748 25.513073 
41.302744 14.640935 
39.301781 18.214902 
39.709001 21.958667 
38.389285 23.962648 
39.328091 24.438263 
41.481975 16.906917 
40.501519 16.736650 
40.898762 23.094248 
40.471576 28.913104 
41.017178 12.882069 
40.307985 14.069293 
39.467182 22.101125 
38.266910 26.782864 
40.888575 23.596674 
41.602558 20.083566 
41.327475 26.351129 
38.234805 16.411115 
40.456596 20.778166 
39.848462 22.483372 
40.826836 22.867596 
38.787886 22.793227 
40.841151 22.790548 
40.684994 17.429605 
39.862407 23.180904 
40.484368 22.966731 
41.655172 23.199375 
40.824473 23.549448 
39.731681 18.320599 
37.478451 21.747359 
42.375365 22.055050 
40.704001 17.845019 
39.424145 12.351377 
38.086945 28.041145 
39.252469 13.933722 
39.978736 12.576768 
37.530665 15.325910 
40.016772 22.323881 
41.038356 17.718504 
41.664355 25.998404 
41.571190 17.720909 
39.796098 30.215109 
40.503637 29.156324 
40.098314 21.334112 
38.619193 18.267470 
39.425515 23.279172 
40.200466 15.097778 
40.417287 18.361982 
39.066125 21.232585 
40.112420 15.816033 
41.133874 20.359869 
40.840741 18.567363 
40.229189 17.357117 
40.442926 26.544888 
38.748755 19.046788 
39.578688 15.809587 
38.771226 19.134964 
40.384450 21.752396 
37.409019 21.892734 
39.323832 19.543439 
40.469116 8.898846 
41.664110 21.286781 
40.813313 22.602844 
39.434189 18.756731 
39.556804 24.186739 
41.369394 24.172528 
39.753212 23.460877 
38.939067 18.113455 
40.531114 24.029691 
41.068428 18.410795 
38.927899 23.181996 
40.433178 22.346766 
39.505471 17.829195 
37.966113 19.271187 
39.209612 15.870640 
41.530040 17.512455 
39.564618 8.313663 
39.813980 18.116233 
38.753496 24.006425 
41.368996 22.390074 
39.450927 26.270917 
39.008410 23.563643 
37.935934 22.056554 
40.544740 23.526952 
40.429957 15.773240 
40.188311 22.174055 
39.450346 20.479609 
38.182474 21.159672 
39.011941 20.738668 
37.798806 15.472507 
37.776237 21.501367 
39.938085 25.281405 
39.172449 26.744883 
40.978218 9.758112 
40.079763 25.521613 
42.030922 15.945158 
39.519822 25.187886 
40.361235 16.747498 
40.911554 14.599389 
38.483691 26.055508 
41.393015 15.343104 
40.295753 20.652938 
40.579877 19.590518 
39.874563 16.242074 
40.227545 19.400513 
40.368599 19.508033 
38.432719 21.472440 
39.167037 17.003629 
39.638662 10.661030 
42.141813 17.279440 
40.930114 17.731550 
40.029272 26.507895 
39.696961 17.559636 
39.441760 17.677051 
40.880685 19.313626 
39.603385 18.955844 
42.052676 21.241884 
38.896924 25.390319 
38.514157 12.272295 
40.007840 25.931501 
37.158179 23.239332 
39.014655 32.562866 
38.787239 20.515493 
39.132508 21.610457 
40.204980 21.759463 
37.881688 26.421570 
40.174351 14.140366 
39.161033 13.889072 
40.533977 28.233085 
41.972041 22.036485 
40.125923 24.658235 
37.502307 22.341303 
40.755347 16.571675 
40.639340 23.979144 
39.644690 11.657520 
39.554313 23.289192 
39.814062 17.316001 
40.261838 30.356812 
40.954959 21.301613 
41.318025 13.911508 
40.037650 21.351333 
39.251247 21.923473 
39.475275 25.779922 
40.519642 15.587770 
40.766052 16.943452 
39.271452 18.472254 
37.954091 24.130869 
38.935621 15.932675 
40.636068 24.793118 
41.332105 22.162765 
39.756859 23.072290 
40.568838 12.669881 
41.272728 18.034617 
40.031501 12.122822 
39.768521 20.969048 
38.729478 18.782652 
40.093331 24.098705 
41.700852 15.520507 
39.788184 20.777096 
40.593569 18.837799 
39.949318 11.518526 
40.139289 17.292706 
40.429502 17.324384 
38.900246 13.134904 
41.177564 22.352479 
40.671663 12.873111 
38.787019 19.162182 
40.924269 23.494836 
40.080125 21.213772 
39.228616 17.265945 
40.235257 19.761112 
40.769013 23.349635 
40.303701 26.756495 
39.942416 24.474130 
41.177843 14.330947 
38.435426 19.397388 
41.971652 21.101084 
40.033881 21.788211 
40.240323 22.879343 
40.835781 24.630213 
38.640789 15.689788 
39.282233 18.064975 
41.087576 19.693191 
39.516840 23.450255 
39.205652 25.919641 
39.369705 13.870115 
40.018361 14.491282 
38.764373 19.570076 
38.786200 21.229001 
39.421446 22.210133 
39.531160 20.695229 
40.832483 25.721215 
38.684783 19.006424 
39.472207 21.969797 
40.271495 20.302926 
39.998601 14.070274 
40.486645 22.063301 
39.760412 19.583189 
39.325999 21.989133 
39.718223 18.950066 
39.194790 22.104581 
38.665840 22.389568 
39.729277 18.163774 
39.454464 22.776295 
40.234330 18.620607 
38.809595 22.720435 
40.884565 25.311734 
39.562937 16.635397 
39.847244 16.860967 
40.440274 17.476330 
40.124994 19.099071 
41.772611 22.326456 
40.149127 19.489888 
40.548991 20.212335 
40.019303 12.743902 
40.234186 20.571630 
41.396470 19.022289 
39.934838 26.223173 
37.567299 17.648786 
40.696677 14.689645 
38.605559 20.502252 
39.620108 15.332328 
40.255391 24.975307 
40.583100 27.866071 
39.686406 21.736892 
38.411812 18.592984 
40.594343 22.326545 
39.531739 22.042966 
40.128966 24.237045 
41.241509 18.557264 
40.141033 19.400621 
40.155297 20.667663 
39.770479 19.750901 
41.096841 16.511113 
41.971434 22.730260 
39.086057 22.660468 
39.685383 20.775885 
39.442662 26.132088 
40.502420 21.131025 
41.099111 12.832754 
38.675007 31.084239 
40.410470 20.733376 
38.874799 20.590202 
40.450937 26.357706 
40.972426 16.420255 
39.163649 19.132663 
38.095225 24.021380 
38.490069 18.800032 
40.754642 17.042614 
42.073783 17.835153 
39.345452 11.173910 
40.162215 21.561603 
39.519186 16.468808 
39.345621 20.716785 
40.388168 21.750180 
40.695427 18.328219 
40.243380 14.640001 
39.547852 23.483945 
41.921201 21.843301 
39.267048 13.878913 
38.009910 17.264603 
40.454875 23.280990 
39.802151 18.442777 
40.802547 17.594296 
39.638768 20.180216 
38.484862 26.078995 
38.065515 23.331452 
39.216662 27.050241 
39.849453 20.500477 
39.560817 24.423231 
39.323094 24.770436 
40.214769 27.347075 
39.393844 22.991834 
38.866278 22.670357 
39.709320 11.241389 
39.940336 24.061943 
41.466084 15.295316 
40.088834 23.886244 
39.243379 15.346757 
39.251665 19.318647 
38.946928 19.587171 
41.069000 24.671581 
41.187007 22.718009 
40.360839 21.187622 
40.478110 28.721548 
39.546694 19.401995 
40.014179 21.216888 
41.222608 15.980846 
40.580810 25.672889 
39.860295 14.490789 
41.443196 19.365537 
39.740145 21.978516 
39.430859 12.434276 
40.365670 24.382586 
39.963845 14.992889 
37.960138 14.064013 
39.882395 18.426426 
40.361391 25.228042 
40.378407 20.481009 
41.964337 24.684020 
39.177212 27.514232 
40.685248 14.464152 
39.066991 18.231691 
40.538438 16.324136 
41.037909 18.202651 
41.050610 19.271875 
40.931928 19.455316 
40.401811 19.983135 
38.393779 23.441081 
38.347611 20.892978 
39.720403 18.285887 
38.995635 14.105230 
39.785432 18.535898 
40.756835 21.645753 
41.146161 18.622499 
40.795693 20.408831 
40.003964 20.804324 
40.453079 17.935164 
40.426833 14.539687 
40.868142 23.897776 
40.327238 19.068084 
40.962238 21.410273 
38.879975 14.938965 
39.329908 14.152583 
42.195347 22.072291 
40.147438 18.372599 
38.966065 22.147295 
40.763413 19.089769 
38.785107 20.338213 
38.507016 16.907750 
41.527624 18.060853 
40.247960 23.480542 
39.028451 24.421368 
41.139313 14.786415 
39.840200 18.759616 
40.028045 16.411483 
41.615681 16.788624 
41.689973 25.005043 
40.201306 17.892431 
37.979420 23.874611 
38.632675 20.428118 
41.215606 14.772626 
40.375777 19.726648 
41.808626 10.441763 
39.941928 21.376087 
37.183024 22.513372 
39.213068 16.524935 
38.617263 17.293510 
38.582961 21.478394 
39.482707 21.430771 
43.356490 21.711752 
40.360872 22.560218 
40.950597 12.972191 
40.452748 17.024003 
40.283304 19.387487 
38.473686 20.474539 
39.776111 22.950251 
39.984909 20.036878 
41.175780 10.991569 
40.490198 21.498098 
39.622222 15.993767 
39.624253 17.614939 
39.729486 15.235443 
41.530087 25.640135 
41.166043 23.593529 
38.823505 16.634469 
39.707069 19.025670 
37.839666 16.007443 
38.892865 20.999150 
42.497653 23.231477 
40.017514 21.012114 
39.373002 19.603567 
39.690490 13.473891 
40.065765 22.416880 
38.155877 16.947138 
40.413058 21.741575 
39.079916 20.977632 
38.968563 24.956967 
41.182813 21.395776 
39.784464 23.870639 
40.348576 20.158752 
39.533331 17.627950 
38.731601 24.653801 
39.877307 14.476710 
39.005518 17.443033 
39.959497 18.047007 
41.290378 14.647737 
41.340569 17.913391 
40.589237 13.289483 
39.720849 26.881479 
38.349672 15.446744 
40.614184 20.435784 
41.291117 26.752320 
39.922165 24.367772 
39.874234 18.799005 
41.114946 16.653599 
38.689690 17.244437 
39.628515 22.310421 
40.004563 23.498032 
39.305327 19.592751 
41.198681 13.976872 
39.073034 20.092897 
39.678849 17.162974 
39.050521 24.316983 
40.186963 16.725472 
41.300781 21.794057 
39.890752 15.147760 
38.707471 19.068413 
39.883058 22.295812 
38.847654 15.020255 
39.838219 18.380157 
40.645920 22.469001 
38.833070 21.761442 
41.810491 22.339988 
40.635117 19.265331 
40.704077 16.391475 
40.542227 19.775570 
40.572678 22.669241 
41.292129 24.682086 
40.703074 23.696568 
40.319201 21.039987 
40.383666 14.053670 
41.329142 12.797496 
41.286731 19.494758 
39.822948 18.679117 
39.180273 27.280940 
38.611920 25.514116 
40.207580 19.995397 
40.009170 25.715192 
41.017016 23.471328 
39.789932 18.636678 
39.379343 24.834255 
39.811505 17.376299 
39.310455 16.008657 
41.435553 19.663302 
39.411879 21.164693 
39.323231 16.002862 
40.676369 21.503909 
39.890767 21.721351 
40.972195 19.572007 
39.497811 16.457772 
40.644903 18.694141 
39.851346 21.325393 
41.670011 19.054602 
40.421133 26.029987 
41.088249 17.356476 
40.734158 17.633871 
38.590707 25.177862 
39.122465 17.244228 
41.733846 26.279503 
40.105000 16.914259 
39.296365 24.495798 
40.512501 13.347248 
40.411926 14.987479 
39.055918 13.871155 
40.974423 24.701234 
39.300663 27.900702 
39.748305 26.510333 
41.036269 14.607104 
42.084535 21.118309 
40.180538 21.489741 
39.412436 18.273668 
39.035586 24.571787 
39.875432 19.792591 
41.282632 18.357018 
40.760215 19.794325 
40.318745 13.197947 
39.570290 19.514391 
40.535695 8.218368 
37.873374 24.811110 
41.421630 14.609573 
40.240615 13.467477 
40.057162 13.177565 
39.307701 18.805950 
39.359008 26.344005 
38.142180 18.763630 
42.285442 20.315064 
37.924919 16.360869 
39.586582 18.941542 
39.734199 20.949506 
41.301799 14.013387 
40.180822 25.390901 
39.166466 25.442594 
39.846303 22.079490 
41.415387 18.082036 
40.300756 14.189360 
39.565355 20.546342 
41.213050 24.994581 
41.783666 20.133681 
39.995611 23.232274 
39.419129 21.032475 
38.896267 20.295324 
39.385781 19.299570 
38.892476 21.653663 
40.076352 18.033131 
39.755509 16.315090 
39.800143 19.969000 
39.062901 16.240112 
39.099958 14.060225 
40.298007 24.168545 
39.591166 15.292067 
41.812845 22.690476 
40.114418 17.782441 
39.438077 22.383189 
41.064920 28.606686 
40.315558 17.247135 
39.355462 16.738519 
39.078438 14.119087 
39.698432 16.913622 
38.887367 17.431623 
39.756638 13.081631 
40.218944 20.474574 
41.606109 17.040079 
39.197738 15.050651 
40.195140 17.773421 
40.675329 19.375123 
39.780017 17.963627 
39.683920 28.821362 
40.099102 28.517009 
41.248904 21.873461 
40.377367 16.507390 
39.092562 22.006049 
42.017164 11.673997 
40.212744 21.734453 
40.428607 21.834776 
40.709884 23.391784 
40.418793 20.896333 
40.787668 22.585311 
39.442179 21.147101 
39.325295 18.987877 
38.379268 17.927526 
40.255225 22.791695 
39.452108 23.537206 
40.101067 14.323724 
40.849506 25.788894 
38.889841 19.745995 
40.072331 19.132238 
39.679252 17.770173 
38.704514 19.139019 
40.253384 24.657989 
39.982125 24.035567 
39.489849 18.622206 
40.203054 14.336762 
38.902081 15.503743 
39.148126 22.521191 
41.310493 21.531750 
40.594065 24.314137 
40.030979 21.493434 
40.260680 18.872681 
39.321932 21.846969 
40.448791 18.970590 
40.183112 18.911160 
40.511414 21.286709 
39.562132 23.135797 
37.875355 21.754447 
38.967308 26.968680 
39.855582 25.489086 
41.554476 20.092448 
40.544071 20.591497 
40.286008 15.433706 
39.418157 10.715092 
38.117537 27.589825 
38.729845 24.948812 
39.969463 22.317344 
41.671948 20.684220 
39.855256 20.827637 
39.513527 22.425517 
40.835044 18.000149 
38.937864 20.546968 
39.746509 16.310698 
41.565188 21.168030 
41.742184 18.488909 
39.237053 28.271196 
40.650019 15.215980 
39.552603 19.484639 
40.868891 19.683005 
38.705853 21.726387 
40.437767 13.872652 
38.808390 22.765815 
39.575898 22.033428 
39.073386 14.356544 
39.528489 12.375451 
39.401145 23.102789 
39.082730 15.192041 
41.980552 22.403904 
39.055468 21.256788 
40.875206 18.759941 
39.763380 18.254050 
38.840810 18.468344 
40.315985 21.143605 
38.819631 28.124533 
40.041531 24.463201 
41.020912 29.519455 
39.180143 19.583688 
41.114974 21.873038 
39.347617 22.366887 
40.475947 17.818492 
38.708223 14.597261 
39.513803 21.214539 
37.931384 19.958157 
40.709600 12.297346 
37.679392 21.641002 
41.132770 11.092889 
40.961931 21.334783 
38.547579 16.364768 
40.624921 22.096512 
41.140323 21.610228 
39.967966 20.931266 
40.196373 22.787537 
38.565011 18.520956 
40.195134 12.772637 
39.219284 14.759756 
41.423978 21.358071 
37.870219 20.902199 
39.974585 25.619416 
39.779391 18.329839 
38.381253 16.965468 
37.866374 18.202533 
41.129715 20.572862 
41.085821 16.115076 
41.580221 24.577749 
36.858431 19.943862 
40.049456 27.059416 
38.934714 19.795989 
39.024914 24.165221 
38.216707 16.503959 
39.774190 20.478408 
39.743922 23.998471 
40.757696 22.975419 
40.750764 24.160674 
40.617562 22.952877 
39.662452 14.836340 
39.446645 24.036135 
38.962098 18.101735 
40.482453 22.657353 
38.964777 18.064205 
39.019008 21.534408 
39.086040 17.961915 
38.469067 22.968806 
38.347490 21.896386 
38.419093 10.846148 
39.617356 22.034589 
39.056217 20.723214 
41.948350 17.818367 
40.102317 17.019224 
41.316027 15.127726 
41.819451 19.097643 
40.553927 16.341338 
40.794073 17.305421 
39.212042 23.525452 
39.322343 17.887386 
39.950462 14.428938 
40.343329 23.318241 
40.898013 25.616767 
39.940599 12.934326 
40.079014 18.772019 
39.464410 19.340391 
39.398290 25.573057 
40.802737 21.338533 
39.381044 14.958179 
39.940068 16.234008 
39.045656 21.387233 
41.889824 19.581557 
39.200899 21.230309 
39.531269 17.646235 
41.180017 21.235086 
40.410291 14.814028 
40.835979 24.851593 
39.802163 16.207456 
40.582011 20.233776 
39.447919 20.698483 
40.239356 22.432441 
37.893780 23.094906 
39.853777 19.302019 
40.132389 19.629298 
40.494814 25.087179 
41.541143 16.002738 
41.133378 17.527038 
39.121497 12.978725 
41.628852 18.406374 
39.590335 17.882726 
38.686812 14.279947 
39.409494 12.248346 
38.699362 28.606840 
41.575101 21.393105 
40.941277 16.104786 
40.030450 21.568695 
40.095785 18.473936 
38.400352 20.811471 
41.847714 20.624022 
41.621248 21.351771 
40.968312 18.305355 
39.739856 20.712943 
40.401299 25.106905 
38.535209 23.065462 
41.403378 28.496470 
39.617504 16.361795 
39.570070 21.907844 
39.747491 25.522617 
39.436334 18.955429 
39.813053 12.554538 
39.295509 25.024205 
40.727990 17.864478 
41.259365 20.122179 
41.031731 21.206107 
40.336024 15.536891 
40.126863 18.932687 
38.390528 21.101140 
40.463857 25.635215 
40.486485 18.710147 
39.547788 15.445780 
41.415074 21.618429 
40.790612 13.800288 
39.231173 21.006394 
39.885109 22.030430 
39.281677 21.988167 
40.873891 22.626443 
40.184335 24.998391 
40.311682 19.288705 
40.797159 20.040647 
40.453066 17.686695 
40.393737 15.895118 
41.272276 24.827868 
42.031952 15.709408 
39.853316 16.778479 
39.582192 12.534881 
40.492686 24.453705 
40.641568 21.210266 
40.390032 22.686397 
40.308309 20.389965 
39.838300 15.715507 
37.972923 20.182731 
39.991026 20.132986 
41.751123 22.515667 
38.574239 16.829553 
38.801658 22.503322 
38.928405 25.148168 
39.259040 24.389936 
39.907597 18.986374 
41.085683 17.549604 
38.786481 21.667090 
38.456242 18.102187 
39.855308 25.864284 
40.111676 21.898632 
40.320954 19.603327 
39.307962 18.467700 
38.317502 25.955250 
39.870802 10.120027 
39.943331 22.593862 
38.495667 23.801117 
39.688695 16.384226 
39.917715 24.275809 
41.237557 17.232973 
39.471065 25.767662 
40.535736 20.129038 
39.638676 13.576614 
39.040043 23.991190 
42.736995 21.487949 
39.120155 14.658552 
40.391190 25.527544 
38.239388 24.312555 
40.599644 21.797795 
39.228806 23.278797 
38.922632 18.910925 
41.405879 19.242598 
41.030661 20.126815 
41.564488 23.874366 
39.146255 20.960835 
38.534956 20.722047 
39.553964 20.803664 
40.124212 24.449243 
41.650444 21.248556 
39.660222 23.100597 
40.120712 22.828448 
40.698017 21.165468 
39.391289 20.499415 
43.380957 17.544963 
41.056671 15.581440 
39.999568 19.053947 
40.108065 12.264993 
40.211681 24.933367 
39.308696 26.877364 
39.615297 26.510978 
38.776887 21.182289 
40.338706 21.384129 
39.627366 15.933829 
41.007659 15.523324 
41.092580 18.324478 
39.651256 17.979265 
39.416271 17.873370 
40.026251 22.923637 
39.208885 22.694021 
39.608064 23.652810 
38.395727 14.076510 
41.675677 21.787136 
42.558811 15.987737 
38.197535 21.967211 
39.132090 19.211490 
37.872238 22.769328 
39.808740 18.255609 
40.562600 16.588903 
39.888818 22.403612 
39.435589 22.386173 
41.062062 28.280199 
40.844613 21.692720 
40.993825 17.867932 
38.466210 20.658911 
39.674242 19.964982 
39.601961 20.314791 
40.319577 17.101243 
39.513633 14.177300 
40.164102 24.404766 
40.378787 25.729998 
40.993947 22.797128 
40.568890 15.368918 
38.860154 11.785781 
39.068155 20.358574 
41.375897 13.688408 
39.635780 24.029533 
40.588722 15.501456 
39.755584 11.025936 
41.036866 25.409980 
41.112577 13.388927 
39.020114 19.949900 
38.472461 21.823963 
39.467171 19.037794 
39.460502 16.184215 
37.954317 13.171748 
39.543135 20.253299 
41.449749 17.548461 
41.366909 15.596082 
40.419621 24.084252 
38.891924 27.085674 
40.977566 23.475139 
41.199380 13.307884 
39.861345 16.390293 
41.103433 25.653006 
41.821992 17.158841 
40.226101 19.099983 
41.559808 21.652569 
40.058726 17.150066 
40.934709 25.768908 
40.745765 23.934818 
41.361013 16.557366 
39.617098 23.346765 
39.094831 20.722007 
41.713708 14.965749 
39.069009 17.257641 
38.513606 20.401300 
38.753941 21.830178 
41.723719 23.287335 
38.416837 15.885989 
38.119194 24.226192 
38.692798 22.979994 
39.389103 21.957367 
39.389573 26.208767 
39.510038 20.429080 
40.369209 15.323006 
40.995363 16.468718 
42.289060 22.230070 
39.596556 24.306037 
40.733263 13.128700 
39.025396 22.719090 
42.253148 15.652714 
40.262161 20.637401 
40.019698 16.928531 
38.907650 16.298983 
39.891346 24.036439 
40.827789 17.243274 
39.411954 23.826818 
41.307479 25.995164 
39.740990 14.441848 
39.381716 17.385472 
40.718246 18.774747 
40.298580 19.153568 
40.715746 18.589948 
38.280549 16.990622 
39.931044 19.450578 
39.435260 24.781798 
39.519527 16.583298 
37.247654 22.821359 
40.261256 17.535067 
38.499572 16.703564 
40.972289 18.425303 
38.922488 20.791502 
40.635752 20.276809 
41.150309 20.365882 
39.454082 16.147552 
41.225310 17.418352 
37.808278 23.587750 
40.884486 24.048171 
40.224426 13.308718 
39.646254 15.972165 
40.736440 20.798550 
40.471042 21.302129 
38.786936 28.212443 
39.696431 22.478224 
39.927615 22.082187 
40.477816 18.157709 
37.681395 27.892701 
39.954917 19.349369 
39.413826 31.069226 
40.607811 24.461524 
39.638605 24.249107 
41.215915 21.373894 
41.673662 20.207967 
38.903484 26.310443 
38.642215 23.347922 
41.215499 21.504984 
40.538190 22.364446 
38.458660 21.130687 
38.950986 20.550799 
40.750492 15.072946 
40.193214 12.343506 
39.654546 25.561362 
40.271222 21.231982 
40.550154 20.941636 
40.448215 19.314927 
39.403624 22.372517 
40.760327 17.511329 
38.857062 23.319341 
39.447320 21.210858 
39.444507 24.374795 
40.059509 20.847443 
39.830116 27.030437 
40.508572 24.475990 
40.216590 12.441001 
38.523363 21.263971 
37.638845 24.505665 
38.695279 16.028757 
41.057579 22.118144 
41.381978 8.243451 
39.579491 31.735880 
40.874449 21.323488 
40.415042 21.422170 
37.408404 13.894545 
38.929780 26.109954 
39.851033 26.656607 
39.607105 21.579794 
41.139311 18.823044 
40.626778 16.570709 
39.481736 28.007212 
41.042736 24.071082 
41.485232 19.009581 
39.957885 16.242368 
40.514650 22.284485 
41.266819 27.448548 
38.936283 22.186560 
40.069865 15.054408 
39.999311 17.324499 
39.816562 16.869123 
40.972200 16.130752 
40.816532 27.388739 
40.568964 24.237225 
40.567302 22.222128 
38.814229 24.013388 
39.513840 21.802548 
40.985371 18.459707 
40.547064 26.408773 
37.717547 16.369015 
37.555904 18.534418 
37.921041 22.227786 
39.772827 18.627280 
38.299947 16.255317 
40.104030 18.060689 
39.752707 15.134293 
40.547757 22.791743 
40.271082 16.242057 
39.740259 20.576657 
38.138467 17.152509 
38.499718 20.191830 
39.792626 20.158574 
38.750071 15.610061 
36.864531 20.585485 
39.992421 17.239002 
38.994599 19.419528 
39.016661 18.804563 
39.547318 19.679151 
39.197802 14.524343 
39.261044 25.820711 
39.795106 19.099215 
41.972672 9.841823 
40.293625 24.300080 
40.291101 21.508577 
39.444457 21.266894 
41.657748 17.597413 
40.867878 15.128185 
40.556406 17.949898 
37.653257 21.106445 
40.578045 21.302865 
39.824687 24.219608 
40.791167 21.608729 
40.553336 19.815282 
39.428817 19.727568 
37.392638 18.920288 
38.844221 17.918994 
40.409815 19.122938 
38.183424 14.561145 
39.823781 20.457380 
39.820478 22.250681 
40.381228 13.613967 
40.604537 18.102684 
40.933643 17.559606 
39.491289 15.201118 
41.039464 21.505494 
38.848529 17.717266 
40.737238 16.899771 
39.282649 20.812475 
40.346435 24.324942 
40.107917 14.843477 
39.539050 20.717955 
39.249235 18.093583 
38.815088 19.982732 
40.033073 17.397196 
40.110147 18.425091 
40.739842 16.232788 
38.595663 25.293269 
40.878049 15.850934 
41.694314 22.555204 
41.656707 18.322648 
41.396303 21.346453 
40.847741 19.688377 
40.149989 26.372140 
40.030974 16.143020 
39.901999 17.500147 
40.381945 22.169009 
37.463953 19.530651 
40.817641 20.406460 
40.251887 20.787943 
40.497600 19.427857 
40.063453 26.360621 
40.529127 7.593086 
39.035754 19.068589 
40.160353 21.728505 
39.760685 23.092474 
40.394438 19.534236 
39.922330 21.740458 
38.541227 19.873988 
39.287723 20.469750 
41.016562 13.887292 
38.720859 23.499119 
37.327261 19.074054 
39.609497 23.545582 
37.947321 16.568583 
38.797586 18.240082 
40.238219 21.684338 
40.502777 21.028705 
37.864925 24.039053 
38.138777 21.906219 
38.237195 23.080118 
40.368805 17.956987 
39.036797 20.278067 
39.664949 17.644551 
40.001000 20.411213 
40.345263 14.714200 
39.304810 16.635962 
39.873390 21.031439 
39.056008 16.729858 
37.891238 18.476018 
41.097588 22.044111 
40.651012 24.511146 
40.139705 13.221181 
39.961814 20.541975 
40.844893 25.631674 
39.937012 14.710375 
40.316948 19.640595 
39.608216 21.079088 
40.216271 21.544146 
40.603361 19.907084 
39.559981 20.779791 
38.269451 17.707450 
40.697077 18.623600 
41.580427 19.687886 
39.674642 18.765951 
40.323525 17.234431 
39.996873 16.652143 
40.518066 15.831433 
38.220814 23.731219 
41.815481 20.774199 
40.268567 16.815800 
37.986741 18.925915 
40.532989 15.279869 
40.557796 18.000896 
40.470148 27.021506 
39.349122 21.459674 
38.315189 14.105660 
41.129075 28.747131 
39.833850 20.668033 
39.591611 17.209406 
41.224263 20.304556 
39.483688 27.426768 
41.100017 19.405016 
39.715031 23.303226 
40.748805 19.163093 
40.176680 19.889556 
39.678498 16.438974 
40.034551 18.427276 
39.406956 18.896902 
40.358228 16.092346 
40.011248 23.470951 
40.157027 15.577705 
40.264218 18.245560 
39.264097 21.342539 
41.462895 21.208390 
39.211037 20.726385 
39.695302 17.876211 
39.919801 25.322181 
39.430515 21.344990 
40.113425 20.658621 
38.792835 20.327188 
41.765828 20.390671 
41.346578 26.480172 
37.759121 19.331382 
41.324054 29.328465 
39.939293 18.948851 
39.682432 22.252978 
38.734200 15.013419 
38.634098 17.875984 
39.854712 17.780101 
39.208777 24.793510 
39.701125 21.786712 
39.358704 20.152311 
40.019226 30.467980 
39.373948 20.575603 
39.436673 14.404292 
39.380893 18.319401 
41.162212 25.711306 
39.926993 19.904141 
40.836994 15.087577 
40.400591 21.296279 
38.417776 22.687262 
39.345255 19.432768 
40.407038 16.672128 
41.316925 27.275319 
41.134277 20.164726 
39.958070 14.920836 
40.560443 26.352188 
40.980217 22.331649 
40.388667 22.499634 
39.504106 18.580536 
39.708761 26.567975 
39.459131 24.118907 
39.553238 17.035081 
40.925756 16.083719 
40.000553 18.861659 
40.649410 23.861271 
41.045107 24.616817 
39.760933 18.347006 
41.595227 16.426314 
39.762877 19.076776 
38.701230 17.423983 
40.492060 26.657629 
40.938229 11.022845 
42.955612 18.625555 
39.327957 21.268791 
38.926650 22.330887 
39.501672 18.372440 
39.947281 21.710309 
38.594173 19.120592 
40.789549 16.602860 
40.564215 15.475344 
40.268306 22.891227 
38.635440 19.267905 
41.411153 19.027042 
40.925191 21.840497 
38.847583 24.934466 
40.132831 26.734572 
40.327044 14.308812 
40.856124 10.936746 
39.550758 22.015836 
40.271235 19.570553 
40.420445 19.784270 
39.956824 26.788809 
40.943912 28.124885 
39.933920 16.246163 
42.625907 25.391190 
40.390841 22.645690 
39.665089 21.743711 
40.434495 26.249547 
39.561268 24.021125 
40.850190 16.086236 
40.601654 20.460027 
39.964428 25.501015 
40.634256 14.466748 
36.927446 19.698140 
40.903248 26.314768 
39.773778 9.292319 
40.432083 13.117556 
39.941913 17.158044 
39.913099 23.723194 
39.822785 30.179714 
39.087622 19.716003 
41.164315 21.653176 
39.292126 24.847390 
39.218316 24.236348 
40.158893 11.172635 
40.682737 16.184688 
38.578376 23.862047 
39.575469 21.773447 
40.112191 12.808341 
40.005551 18.806161 
41.075152 20.548439 
40.561057 21.748994 
41.101355 24.071107 
40.326446 21.298160 
40.581026 19.415553 
41.714496 20.824527 
41.354042 20.252450 
39.963966 22.543730 
41.412272 29.267111 
40.590270 20.083092 
40.046526 23.731740 
41.172546 24.036043 
39.055583 21.675705 
40.280924 28.374360 
39.844052 15.578890 
41.362818 15.587860 
39.640340 21.765810 
38.417014 12.234952 
40.926811 18.461556 
38.469427 19.295226 
39.302087 18.773954 
39.907303 19.254920 
38.225110 16.713272 
40.402701 21.198372 
39.425187 19.528372 
