-0.038238 10.650256 
0.274101 7.981494 
3.596331 11.805116 
2.876748 8.174960 
-2.565640 15.820938 
1.047583 12.235747 
-0.140268 11.791851 
3.181914 8.932442 
1.092300 12.942667 
-2.649381 14.847292 
-1.173895 10.219211 
0.023501 11.088030 
-0.205315 8.229960 
-1.012202 10.157611 
-3.566166 10.799850 
-1.295727 11.620729 
0.839348 8.766040 
-2.145622 15.447016 
-0.508037 5.345865 
-0.133278 6.232173 
0.832223 6.716761 
3.230712 13.382825 
-0.117854 8.321712 
0.598855 9.691791 
1.553446 5.323688 
2.368080 15.897189 
-1.924719 2.619293 
-1.178612 11.110991 
-1.088823 12.885054 
-1.631316 14.446667 
-1.226504 11.891464 
0.415985 9.032136 
-0.029037 12.924862 
-3.627437 9.792465 
-0.020833 11.797989 
-2.060395 10.843269 
-0.461028 9.992827 
3.164016 5.690035 
0.895892 7.159711 
1.588857 10.391164 
-1.468787 13.413940 
4.583774 7.167119 
-0.950002 8.083719 
2.778399 9.696541 
-2.409555 6.133118 
-0.475654 12.424245 
-0.121387 17.179829 
-1.712348 9.646755 
-3.715142 9.854773 
-1.683630 14.062260 
-2.137333 9.563315 
4.491162 12.884438 
0.235275 5.167475 
5.090748 12.812683 
1.862794 18.420667 
1.720189 8.612539 
-0.359738 10.322830 
-2.797034 10.734842 
0.134690 4.096930 
1.400148 12.593175 
1.964028 16.429783 
-0.012391 12.737195 
-0.388035 16.516018 
1.829802 6.952585 
-1.121782 9.573518 
1.666814 12.266355 
-0.001076 8.785321 
-3.300016 2.833267 
1.301498 13.658660 
1.057739 9.838464 
1.650498 6.619561 
2.561972 13.720867 
4.122192 10.886496 
-4.728907 6.343891 
5.432853 9.707973 
1.492846 10.206946 
-2.708265 7.771915 
-4.340791 9.191902 
-4.873833 8.813133 
2.603796 7.942465 
-2.186136 12.414471 
-1.059778 7.039603 
2.300155 7.681533 
-1.201241 7.718067 
2.585589 8.289513 
-1.453328 12.056642 
-4.047927 9.519987 
-0.281121 8.617455 
-1.215262 9.744669 
-5.691258 10.122559 
0.375956 6.742115 
0.256462 13.353156 
0.306846 13.281469 
-2.773992 11.079689 
0.482018 9.534930 
-0.998174 7.395152 
-1.432459 2.517843 
0.477979 8.621700 
1.319102 6.829097 
0.936703 17.656282 
6.756223 41.964827 
9.935751 15.352238 
10.377761 16.846215 
11.534020 25.392220 
12.497948 34.830949 
9.405400 46.675523 
9.339836 35.749392 
12.395142 21.356020 
10.649445 23.969148 
8.271188 34.772127 
11.157146 26.382904 
8.837108 24.821355 
11.602397 23.880517 
8.999083 29.454494 
12.754125 39.054676 
8.507492 21.202597 
8.338660 26.373671 
9.639089 31.004319 
8.444829 26.118804 
5.517419 16.713842 
5.690273 16.117715 
11.375764 32.219932 
7.977617 26.619899 
12.407950 27.757281 
10.549668 39.659585 
8.981420 31.189753 
9.556238 30.993324 
8.790616 27.218938 
10.565682 28.407533 
9.621785 29.170242 
11.097043 35.031344 
7.994870 19.450966 
10.989349 24.806973 
9.128857 34.502681 
9.990003 35.228327 
10.723778 25.822136 
7.871245 34.005410 
5.485661 29.149232 
8.242274 25.461047 
11.401637 22.348056 
6.566718 31.442675 
9.295815 21.670378 
8.025394 43.432141 
9.509376 27.155684 
12.230657 30.985014 
12.029883 30.674770 
9.736590 26.868270 
11.131822 40.274871 
11.317942 26.836551 
5.992038 37.311402 
5.103967 31.115023 
11.036056 17.619918 
9.709549 34.456218 
6.876006 28.200346 
8.245990 31.307331 
5.929918 46.780810 
10.837002 38.866917 
12.921883 30.792253 
12.616535 38.062728 
10.878208 33.759739 
6.775377 42.303674 
13.728135 23.391733 
11.305472 41.535010 
9.372014 30.890746 
9.514500 34.136501 
9.415836 26.332646 
9.544974 35.195448 
7.128700 16.581562 
11.248910 21.951682 
8.639484 35.904212 
12.069984 15.224016 
10.160052 35.687368 
8.527886 45.551393 
8.547674 18.347290 
12.295387 30.072003 
12.002746 26.909892 
9.576794 16.921515 
9.653623 31.504754 
6.910722 23.989151 
7.232077 38.573874 
9.850976 20.606849 
6.508826 25.927243 
9.073362 33.133785 
10.924465 20.443039 
10.393772 33.498558 
11.720652 34.020480 
9.816116 30.559283 
11.891360 29.229377 
8.588234 18.269798 
15.385147 34.268667 
14.192670 37.018333 
9.800948 24.267325 
14.309061 26.828778 
14.627751 23.621971 
9.285701 26.988841 
9.380964 31.088511 
10.395673 38.363361 
10.957368 45.493799 
9.843755 32.015620 
13.634458 20.761552 
26.702163 1.440090 
24.952027 20.149287 
26.240233 11.129149 
25.634627 18.920848 
27.789499 18.734910 
27.502778 50.324193 
21.901596 47.061817 
24.780165 24.668783 
28.307375 37.011804 
27.910176 35.753312 
21.284092 15.450190 
24.617815 35.185611 
25.122511 14.583464 
21.172433 29.569152 
22.170138 26.502637 
24.581077 14.610545 
26.639345 12.721649 
28.884304 13.305099 
24.778751 37.088608 
23.232087 24.274934 
27.840585 43.506670 
22.342783 37.194754 
26.031184 40.336587 
25.652965 23.549040 
25.179414 40.582684 
23.749714 7.466739 
24.044529 38.433698 
27.542306 39.038104 
21.304489 22.007004 
28.649868 52.090695 
26.188560 27.832802 
24.760095 14.329495 
26.796203 31.663379 
25.499825 37.027286 
23.410215 29.701280 
23.974704 36.196376 
24.524428 29.501581 
26.607084 36.613356 
25.420422 36.125382 
25.232607 23.756616 
24.818856 39.804161 
25.198620 33.762615 
25.689539 1.547487 
23.427276 23.420388 
27.094142 53.227602 
22.115166 30.034736 
23.060991 44.297452 
23.940250 46.674565 
22.379487 9.436345 
24.614914 29.852533 
24.030908 43.051116 
27.460784 33.935758 
25.605073 31.643772 
26.429721 21.089404 
26.485445 38.778701 
23.235487 13.082995 
25.217525 19.098053 
21.458267 36.590259 
26.665443 0.324444 
27.518740 38.895069 
27.391996 14.928332 
27.261021 29.959065 
25.218838 24.153223 
24.797632 30.366825 
22.669850 27.400245 
24.767001 33.799174 
27.828265 -1.067349 
28.057710 20.734912 
20.497571 19.787817 
26.089050 14.155037 
24.029744 28.728856 
24.403105 27.986699 
25.843339 12.356167 
26.618927 10.049759 
21.711652 -12.526005 
27.520871 33.519677 
24.173570 28.999832 
24.403283 -0.709243 
23.037827 20.654182 
24.059769 8.174140 
26.874557 25.428539 
26.199419 27.726063 
26.097715 31.101586 
23.944067 35.137284 
21.936687 36.336838 
26.736134 2.889925 
25.539599 18.212120 
24.173141 19.458406 
23.864444 7.845001 
24.371727 4.692207 
27.846740 29.911720 
23.280245 27.717289 
27.337041 12.947434 
25.478963 52.010279 
23.384580 24.025875 
24.421002 22.560334 
25.473890 39.964790 
20.937604 30.622770 
26.256495 32.615272 
26.648587 25.836995 
25.711811 23.836399 
25.532449 16.247806 
25.784581 14.188212 
24.940083 39.873744 
25.459125 25.783535 
29.090402 55.235486 
23.210241 25.686049 
23.184034 43.335183 
24.769839 21.830037 
25.253457 43.839390 
23.474006 -1.558662 
24.711114 13.772607 
25.207947 39.983073 
26.483751 29.045683 
28.709825 26.020214 
24.915304 22.009430 
20.394996 47.473972 
25.545498 25.360739 
25.087748 17.507854 
23.090628 21.831214 
27.100830 37.309073 
30.035510 8.126018 
22.735861 14.065661 
25.720922 15.408710 
23.406031 18.494689 
24.920942 8.627197 
23.527263 24.529740 
24.229791 19.899279 
25.811029 31.405187 
22.261514 40.005970 
24.407726 25.943473 
27.811280 4.669416 
27.571416 13.731259 
25.589127 5.059746 
24.336703 28.783345 
21.367245 14.270240 
20.675765 19.239910 
26.320500 16.268747 
22.824673 29.819668 
22.630765 13.759864 
25.090930 -5.718774 
23.964832 7.472539 
21.930022 44.769880 
24.220840 14.836606 
21.411380 38.793070 
23.591449 31.299360 
21.559476 9.586631 
23.924748 25.877083 
24.893164 20.412037 
29.548168 19.128128 
27.642538 33.863187 
27.483358 37.616853 
24.751638 18.225824 
27.568710 34.058664 
23.718400 36.194978 
25.958284 18.021384 
25.527128 17.325459 
24.522523 18.212008 
24.735604 18.021080 
23.849568 25.706214 
25.763521 46.586942 
24.200553 14.422168 
21.252329 26.791791 
26.324996 -1.409998 
24.190670 12.358588 
21.856621 7.410685 
25.458760 37.674913 
25.939479 18.336242 
27.185402 0.337249 
23.469042 27.658347 
23.331559 8.444973 
28.814443 41.141898 
23.825545 40.057129 
25.535107 42.971004 
25.905451 20.142530 
26.860673 30.072548 
26.167622 18.381076 
23.394978 38.751077 
20.123711 55.069509 
27.220421 37.770223 
24.809040 18.281755 
23.656144 37.466800 
25.730888 42.066795 
23.237101 39.504909 
25.605507 13.613312 
28.884170 41.310291 
25.030241 13.873734 
27.962634 12.517770 
22.799901 27.970786 
25.267992 31.105035 
23.205110 19.549112 
23.636773 43.180994 
24.868138 24.354572 
27.587987 41.708464 
22.082443 17.427825 
25.333276 25.756405 
25.566779 28.934077 
27.682265 15.946500 
22.053525 -3.382772 
25.537435 14.101855 
25.815564 33.003602 
24.243600 34.139724 
25.306083 34.851043 
23.569660 39.840621 
21.157415 6.688579 
23.080232 56.846861 
22.667621 33.915802 
25.500962 33.357057 
26.231120 32.518191 
27.118492 18.716266 
25.500914 19.420726 
22.662150 23.726741 
25.799878 29.889195 
21.317072 22.040771 
20.322301 27.450794 
24.584027 28.858419 
25.969860 26.230747 
24.600507 41.106410 
25.233967 23.023190 
25.418572 15.706268 
26.123531 13.730556 
26.807611 18.107096 
24.376103 48.634973 
25.839247 22.134649 
21.084958 47.207178 
23.209272 35.092473 
24.166947 40.475102 
24.834475 9.845676 
27.337221 35.824381 
24.290031 6.344923 
24.613347 28.026623 
27.113247 30.815825 
26.370046 15.776300 
23.201655 29.730147 
25.495141 13.532128 
21.925755 1.770219 
25.584108 -10.543671 
26.986310 39.194313 
23.991269 18.879203 
25.047627 26.481736 
22.039183 7.421607 
26.225534 15.238620 
25.245651 4.740524 
30.827654 17.707416 
25.262942 0.324722 
26.803782 18.848344 
24.867340 -0.489167 
24.349300 32.654809 
27.280541 22.232907 
23.097929 30.581082 
23.341679 23.463556 
23.240493 31.280083 
22.874153 34.417008 
25.931262 15.642318 
23.504785 33.446278 
23.676989 3.751596 
26.503237 6.453790 
26.113022 51.311343 
24.064086 33.177427 
25.228537 13.176139 
25.258220 26.407702 
26.709824 25.123775 
22.579261 16.389319 
24.367114 26.355457 
28.126229 31.464227 
25.747823 35.446094 
27.178188 31.309932 
25.614021 53.286526 
28.549930 9.028719 
22.634241 47.159771 
24.403864 -1.189254 
23.520953 16.341776 
23.644898 29.229661 
25.621527 22.581907 
24.677860 45.956727 
23.879233 26.414198 
27.066709 24.585015 
25.229487 20.535431 
28.052985 39.942237 
23.753870 14.125037 
23.497114 26.975701 
23.976923 26.560428 
23.576945 42.183579 
19.397216 28.446097 
27.376059 30.245666 
26.808816 29.909137 
24.832270 34.718102 
22.628261 10.940969 
23.736211 45.514389 
27.735686 29.706961 
25.190515 19.505318 
22.235541 35.759557 
24.303284 32.609053 
24.322736 16.280596 
24.292197 27.045502 
25.968689 22.806329 
24.724889 6.095685 
25.635751 36.178327 
28.649953 47.258641 
26.413315 20.867241 
25.983137 47.696256 
25.070414 36.498796 
26.345180 25.752096 
27.950475 44.654630 
26.166534 13.360400 
24.772906 52.209259 
24.510752 48.039414 
25.308705 24.369768 
21.456286 47.979720 
22.106861 15.918319 
28.069951 39.615712 
23.760323 -10.141633 
27.239086 32.458958 
25.572360 32.364644 
19.120711 16.995380 
25.098465 27.788465 
26.915263 24.430685 
22.381521 42.095394 
30.325137 27.427863 
23.269749 28.546356 
24.625608 40.710246 
29.084661 10.276008 
28.183745 31.272319 
27.250147 29.839255 
23.981561 27.863393 
25.879425 8.705068 
22.680344 43.953272 
25.281091 25.964636 
25.456616 30.399221 
24.174301 13.126186 
27.364500 39.273839 
23.796832 33.913791 
27.378163 15.126382 
25.033081 21.860912 
27.316534 16.274099 
24.790896 48.682951 
27.192314 17.365147 
21.608755 22.535572 
25.242171 13.267198 
27.169121 54.142167 
23.485641 -4.225379 
25.124096 12.877380 
24.494652 26.060677 
26.915481 17.201656 
27.499087 25.940927 
27.463877 12.143212 
27.300607 34.186369 
26.654220 28.660445 
28.519595 6.407305 
27.461352 21.522659 
22.480593 33.608752 
24.382562 9.415181 
27.037258 15.413964 
26.245357 30.746417 
19.846575 38.581904 
24.054176 23.562485 
25.621918 17.229046 
25.804035 21.218986 
22.553510 36.343896 
24.935452 14.468941 
27.698471 13.751712 
22.981900 25.805756 
22.430472 26.478016 
25.823333 13.657095 
21.813001 9.565083 
24.971803 39.390287 
25.064477 13.295145 
21.895406 34.986693 
25.690038 13.449045 
25.819797 24.499994 
20.634497 16.665134 
24.800783 18.822498 
23.451479 43.092220 
25.326111 27.547610 
21.987700 17.143005 
23.796997 47.268769 
26.438334 26.158406 
25.882563 17.691855 
25.642594 20.627093 
27.262147 11.523999 
24.522291 20.086984 
23.892536 33.449217 
25.376217 14.756652 
27.150363 16.440721 
21.241091 32.357846 
21.952833 31.704471 
23.559818 11.849018 
25.945109 29.258429 
27.511763 36.658387 
27.532062 23.549127 
23.952630 14.338598 
25.551191 23.758606 
23.302453 31.623295 
25.721886 32.572427 
22.048093 21.009002 
24.963414 32.148108 
25.827963 21.384975 
26.175722 16.638080 
24.804246 25.911543 
25.640891 35.445180 
25.522349 14.074159 
23.800443 27.248376 
22.219957 22.176543 
24.862340 25.988773 
25.835510 44.534796 
24.492701 28.086005 
24.775529 17.737919 
23.551250 24.023629 
24.578697 27.799776 
26.622115 21.145684 
23.212305 52.106562 
28.564598 32.371656 
27.110365 19.645524 
26.299792 38.395618 
24.539884 36.445022 
24.581483 47.306367 
25.349294 38.193438 
26.639261 39.752507 
23.162786 18.529745 
21.365616 15.015117 
25.209853 22.972071 
24.328379 37.661625 
22.135347 23.064368 
28.805736 36.880699 
27.249620 36.709945 
23.465316 7.847551 
26.959888 22.778182 
24.027209 18.333061 
26.251537 7.333926 
26.023911 37.611491 
23.240577 24.478676 
28.177219 36.680232 
28.301658 35.400637 
26.848145 17.211780 
27.911820 29.923879 
25.251380 15.928782 
25.571865 34.996764 
25.124194 29.574146 
26.444740 28.612931 
23.626543 12.126565 
27.546338 20.628914 
23.596557 34.472465 
20.605835 41.170477 
29.191991 22.925754 
26.086128 24.311763 
25.550965 28.166110 
25.273458 2.693250 
21.587889 41.643079 
25.772988 62.941338 
22.569185 20.760525 
25.043870 48.414791 
24.235852 17.108610 
24.362340 17.784284 
26.408701 37.224300 
27.474951 38.441011 
29.953967 29.893889 
25.519503 21.957569 
26.533696 16.946520 
26.315141 23.782607 
24.592246 26.727185 
25.322900 7.098297 
24.291835 24.717670 
25.546482 10.193067 
23.380109 27.432145 
22.954241 37.185211 
23.759559 44.169183 
24.114295 36.483514 
22.682466 41.972233 
26.271875 13.382791 
24.899767 25.736016 
23.766133 16.646071 
22.718396 29.282698 
21.856588 26.445021 
27.133472 26.274556 
25.563452 12.476789 
29.607736 18.879903 
24.779516 30.557255 
25.494565 14.564169 
25.793190 28.955904 
26.182136 31.741888 
25.272765 29.842836 
26.500585 12.530599 
24.097266 17.952211 
26.290033 30.164840 
24.449306 28.331229 
27.866197 31.943201 
25.575000 21.429801 
23.043583 30.766824 
22.685221 28.085878 
23.718141 46.788737 
24.643107 42.182210 
24.607396 35.697668 
23.409228 32.000045 
24.541906 30.714219 
23.575741 22.064149 
27.881331 15.839476 
23.282394 23.000657 
27.344834 43.783585 
26.402583 29.771648 
24.173375 44.588215 
25.853516 32.584325 
26.242947 23.506156 
25.573751 3.560580 
24.428294 8.800667 
23.772260 20.013239 
24.204502 19.829738 
26.291646 15.803755 
26.860020 28.276393 
23.655618 22.312850 
23.885568 21.772895 
22.641497 16.468730 
24.790541 19.780744 
24.142562 51.593665 
24.981884 21.758605 
26.603785 27.360505 
23.889226 17.244259 
23.295273 3.273737 
23.902885 14.310767 
25.739306 19.988197 
30.110717 32.992663 
23.876593 14.612062 
25.039325 26.520426 
22.803113 12.032536 
23.438155 19.760097 
24.827084 11.703780 
23.737295 26.897009 
25.138776 11.865962 
24.061532 24.276205 
21.628957 32.611880 
25.778942 15.992563 
24.251477 31.672022 
25.655929 26.523015 
27.712195 0.434372 
26.208669 28.999024 
20.347152 19.018965 
25.033974 11.233890 
23.435568 24.776328 
25.292964 0.720848 
21.680933 21.403084 
24.739483 34.496572 
28.986252 27.361172 
25.391815 23.165570 
25.916803 13.066724 
26.153528 35.532898 
27.820543 18.762865 
25.124094 24.144529 
27.363643 15.595952 
27.884090 16.211715 
24.695746 29.473985 
29.633389 19.941928 
26.613838 18.134032 
24.695714 31.381620 
22.786881 39.438344 
27.486193 16.474797 
23.965460 23.012983 
28.600489 27.382360 
25.551487 28.357936 
24.293091 28.903844 
24.695556 37.695098 
24.394620 17.813419 
28.490390 20.754023 
24.365526 21.258558 
25.036068 40.934258 
23.007187 24.266471 
27.350467 15.035380 
23.240232 27.563876 
26.624907 32.663749 
25.412483 36.793561 
25.370684 21.181391 
27.672400 6.000610 
26.770873 34.265716 
27.350282 32.811506 
23.762733 26.903425 
25.606883 42.547763 
27.111305 17.426649 
27.936839 28.624688 
25.937536 43.427240 
23.901681 48.245794 
26.198018 34.085163 
28.146415 40.053614 
24.674484 36.490537 
25.888975 14.100803 
23.930663 9.852065 
24.741612 7.841848 
23.026598 25.699473 
25.712054 43.750574 
23.509468 20.294246 
26.130326 27.172820 
25.060161 48.606857 
25.009320 34.492931 
25.103098 27.162074 
24.347148 2.458964 
25.805566 36.270292 
24.623422 24.214962 
27.672660 16.471366 
26.848543 26.184058 
24.573820 29.724103 
24.118774 19.758850 
25.071829 14.368778 
26.519835 13.180779 
26.699383 33.531757 
24.193199 35.869050 
22.606844 25.045989 
24.870760 19.607216 
27.121350 25.577121 
26.194935 18.558073 
21.339109 35.242055 
22.246965 16.349675 
27.521918 31.989717 
23.945045 0.153898 
24.775674 26.184447 
26.084936 5.183698 
22.157003 18.387304 
21.880690 7.936442 
24.645387 23.287469 
20.494840 13.117298 
23.388612 10.385285 
24.883353 12.563954 
24.271664 24.668709 
24.869957 21.293184 
24.889574 28.297422 
21.182747 54.990043 
25.561266 22.671104 
27.384264 5.195180 
27.318478 36.346742 
25.369261 32.970312 
28.448677 25.158122 
23.303669 28.889208 
27.483092 30.708938 
23.724342 32.100623 
24.240337 37.914274 
24.504578 20.901475 
21.501826 13.054419 
25.623417 16.224913 
22.067511 35.235959 
26.251907 31.360591 
25.067062 12.227967 
22.394236 26.779570 
21.607728 45.081164 
24.628641 28.753982 
22.611082 49.139640 
27.305536 25.675112 
29.091430 52.978304 
23.487626 14.307713 
29.016307 17.659796 
29.465284 13.408745 
24.253713 29.479341 
23.701816 33.773848 
26.537732 50.801443 
27.809743 36.243610 
24.054551 18.792419 
28.165612 9.048943 
21.247403 7.949775 
26.274253 54.762545 
26.100325 32.861707 
24.143134 36.605661 
25.746561 44.914142 
26.584270 32.914879 
23.670363 21.168218 
24.939846 26.174824 
21.605168 55.355382 
24.036846 24.647851 
21.287770 35.651238 
22.790329 41.214074 
27.596101 15.769291 
24.663593 26.276796 
25.261231 6.074245 
26.059456 11.373799 
25.046328 15.235336 
26.328792 33.617649 
24.821684 8.997308 
27.525995 37.942189 
25.188264 9.881619 
23.025380 16.871836 
25.755837 26.221292 
20.753067 29.176817 
26.569681 30.443143 
24.583325 30.138314 
30.410044 26.672663 
25.525215 19.959356 
22.435292 24.457767 
25.114618 14.751845 
26.601339 12.684434 
24.931437 25.163238 
22.869974 16.083551 
22.893790 37.057071 
25.170176 28.162627 
22.653924 48.643752 
28.800986 28.050033 
27.565289 21.571358 
24.972853 32.434864 
23.259333 19.008779 
23.503783 25.637786 
22.363438 12.228617 
24.684650 17.226881 
26.417600 9.773532 
23.483931 16.391900 
24.415619 35.879984 
24.876237 23.013972 
22.227653 22.043870 
23.200899 13.481179 
30.574738 21.810088 
21.906995 4.375370 
29.164101 29.696463 
24.963829 11.230570 
26.379533 24.619465 
26.747160 23.325081 
28.069194 7.760719 
23.881307 24.805580 
24.258447 25.352339 
24.581488 30.618360 
23.423081 36.600256 
21.572377 33.690822 
24.903515 17.259731 
26.283456 42.854607 
26.725227 37.830593 
23.443584 41.551341 
26.802631 25.023829 
24.455333 20.549581 
26.790103 30.900089 
24.564428 47.190304 
26.174107 32.672239 
28.761431 33.937857 
24.131363 36.478246 
24.025092 22.813662 
26.814429 28.263506 
26.456866 34.974761 
26.605068 20.702468 
27.785229 20.920280 
25.061279 10.850487 
23.292871 31.950405 
24.154588 48.395067 
25.435666 24.111199 
22.583991 12.753319 
25.095714 15.136806 
24.685214 36.315433 
24.192932 5.221842 
21.594496 0.875670 
24.259689 21.014004 
25.289526 21.616186 
27.945661 6.133834 
24.624001 15.289631 
24.183762 28.230491 
25.030648 10.321407 
25.637170 25.071004 
21.859299 7.139534 
24.935089 25.423520 
26.587893 27.287840 
24.587573 36.739008 
21.938434 26.202234 
24.128428 27.563440 
26.529396 32.768717 
23.041834 26.838206 
23.302955 39.365096 
24.029302 22.969517 
24.007345 41.689252 
26.359199 17.428356 
21.992612 24.478900 
27.164196 17.192364 
29.236378 10.643899 
23.587424 20.079662 
27.536433 18.052005 
23.471544 37.411943 
22.114432 32.961097 
22.305416 12.107427 
22.727176 34.973948 
23.716367 40.975824 
25.814480 31.947587 
26.094175 35.608551 
23.538234 31.707895 
26.779422 42.896016 
24.346369 18.608558 
22.654764 23.876426 
25.336691 32.261250 
26.923669 23.279575 
19.294493 30.486465 
22.804223 30.407950 
26.574823 23.512175 
24.976246 38.769078 
27.088164 13.241285 
26.009400 22.492416 
24.930371 -4.855919 
23.301956 27.029129 
26.169628 39.459008 
22.277539 23.585014 
25.780258 26.078897 
24.635889 10.069733 
26.190199 22.181061 
23.138583 34.813037 
24.637854 36.388998 
23.589280 33.876157 
26.351837 20.497759 
25.215830 27.365392 
22.191835 22.737003 
18.173040 14.628445 
24.051984 25.750066 
26.274466 26.095366 
29.184828 28.804037 
25.509065 14.568158 
26.349736 31.685896 
24.182802 36.679201 
20.103948 54.173729 
23.184657 8.847322 
24.137331 13.447855 
22.349297 35.818499 
28.012716 23.774180 
23.410571 33.238650 
19.047158 29.539811 
26.346617 29.768837 
23.821631 23.525162 
21.111609 32.341373 
25.080351 17.707856 
27.286230 32.485394 
25.017916 39.381889 
26.190222 12.421482 
27.223866 39.787588 
23.796784 14.850897 
25.489139 25.330726 
26.641821 21.739859 
23.138657 46.217755 
22.892514 43.062590 
24.713531 7.803596 
27.858761 22.379855 
25.916895 31.260034 
25.091820 21.160426 
23.718191 15.870079 
24.544758 32.753760 
28.108613 15.599113 
24.841168 0.352003 
24.112227 36.984756 
23.293878 14.828579 
23.721615 38.820545 
24.159186 33.558440 
27.283094 18.197904 
24.219260 35.075032 
23.256683 10.467283 
22.522908 15.791225 
27.482888 25.238757 
28.419910 29.558780 
22.758676 8.088528 
28.603508 17.841418 
23.491357 12.035513 
28.124370 42.993625 
27.479332 53.840719 
26.022350 2.671103 
24.970395 50.189948 
23.355383 12.884221 
25.425274 5.966071 
24.856331 17.195701 
23.868782 19.874151 
26.287547 28.256182 
25.717477 33.949842 
23.814017 16.953682 
26.432108 26.057105 
25.673347 14.297919 
27.775933 34.238568 
24.258468 20.928240 
19.674455 12.956353 
26.182995 17.373006 
26.378238 45.885858 
25.030907 -0.481697 
25.513158 20.528103 
25.355126 33.550883 
21.704354 40.693285 
25.386593 27.413876 
24.381583 24.825785 
25.494500 16.316158 
27.735534 14.379369 
29.494838 9.903845 
26.597757 22.061644 
27.070693 17.125131 
28.857286 18.305173 
22.820576 27.880330 
23.292166 10.932798 
25.207084 17.039000 
28.541373 32.565867 
26.334608 20.259970 
27.373113 8.682243 
23.229316 23.462981 
24.092371 20.601047 
24.274765 30.990704 
23.582826 15.918448 
24.235985 30.760779 
26.928824 15.039777 
21.707990 22.178894 
24.924274 27.545120 
24.794818 19.198393 
25.186532 22.863005 
25.917266 34.740369 
26.130912 27.554890 
25.160723 22.727841 
22.166598 34.763382 
26.689622 22.857304 
29.134602 31.628382 
27.484571 24.912807 
23.780191 43.376112 
26.832310 25.398792 
21.752404 25.484378 
25.389120 44.590338 
23.680611 7.021094 
26.396624 37.838698 
22.824177 41.899317 
25.817383 36.549651 
25.003719 15.990183 
25.517404 28.519951 
24.219032 32.429297 
28.974842 46.204070 
26.965893 47.745344 
26.345681 20.702136 
24.910445 31.268309 
22.125557 13.157330 
26.678698 18.845075 
23.991073 45.872625 
24.160444 18.319641 
22.634400 10.020439 
24.678150 22.879226 
22.042581 18.539319 
24.718013 -3.888019 
24.688526 25.160409 
22.446796 31.625213 
26.364544 36.751629 
25.925678 0.059634 
24.930393 38.736750 
23.000969 20.491285 
24.622363 10.127851 
25.135236 33.432563 
23.736585 2.149023 
23.693455 49.958668 
24.389578 49.778972 
31.475374 7.847311 
22.943016 36.642889 
20.667724 29.224675 
26.384608 16.113382 
23.857673 34.302270 
25.712953 21.771750 
23.301682 20.585147 
24.576962 9.739092 
25.853150 25.960836 
24.059094 8.093789 
24.988038 31.621517 
25.303442 27.375393 
24.186829 30.584109 
23.349871 42.907758 
24.358455 10.772820 
25.176931 22.325816 
27.373471 33.959692 
24.144120 26.053017 
23.291577 30.639114 
23.473743 13.442722 
25.404791 29.560073 
22.962330 22.013259 
24.780172 28.678016 
23.648984 0.753470 
24.500099 51.288878 
23.070659 38.889457 
26.883000 21.026691 
24.703951 34.335627 
24.704363 49.358506 
26.690253 23.482011 
25.424746 27.992946 
24.684842 6.829198 
24.166923 28.732877 
27.427422 17.311621 
24.756694 37.642564 
24.924915 25.443364 
22.796880 10.348450 
25.220144 33.901677 
25.202022 31.042190 
23.903384 28.432052 
27.184537 42.256370 
27.760171 30.481163 
22.222807 15.286494 
25.152876 17.301361 
23.859373 21.204487 
25.369871 15.356186 
26.220943 21.446632 
21.825801 37.774519 
25.829200 40.340629 
23.835072 24.931326 
22.072922 26.302231 
24.950972 30.463754 
26.549453 34.952132 
24.436101 16.708328 
28.397580 25.594928 
26.440604 14.439259 
27.941100 17.534059 
26.091705 51.438807 
25.161354 29.238411 
26.284771 19.347846 
26.767371 33.691559 
24.282624 42.719402 
26.144039 18.906011 
27.045271 10.957486 
26.540305 37.269916 
27.145608 8.843827 
24.351819 13.157831 
21.763833 18.645627 
27.741145 29.542805 
29.571041 25.733174 
23.053012 17.000741 
24.516707 39.088479 
25.284100 35.102702 
25.745588 3.994936 
22.559523 22.010882 
23.587829 36.877639 
25.316907 -1.342234 
24.596638 15.826787 
25.517729 20.784609 
24.204837 34.641214 
26.868585 29.308020 
27.513522 17.494682 
29.517789 1.780580 
27.462029 28.370337 
26.945093 28.742121 
24.841725 36.171097 
22.597889 22.363309 
24.184459 36.045881 
28.082787 31.038395 
26.128375 40.599157 
25.204189 12.391355 
21.686902 5.299310 
25.054969 27.964259 
22.744212 20.082237 
26.695894 38.858451 
22.706366 13.479797 
26.888308 17.191258 
23.850996 21.417929 
26.414123 34.289575 
22.546804 23.456860 
26.135653 12.086685 
25.046115 39.731243 
24.380639 15.305408 
23.103793 35.592734 
25.851359 35.603188 
24.102654 26.920811 
26.782981 21.687683 
29.168566 6.765603 
26.768316 29.018524 
24.466456 -0.069155 
25.759388 22.559770 
27.234986 21.470157 
27.383091 19.256433 
25.688209 19.475218 
26.659515 4.710239 
26.195758 10.963869 
27.474134 39.167242 
25.708644 32.853384 
28.180871 33.273556 
24.461764 36.543649 
28.746751 10.838249 
23.778154 35.829267 
23.872866 34.468112 
25.225433 38.870814 
27.655497 14.078078 
26.163211 29.073230 
24.362235 43.308684 
24.307514 32.879988 
23.630272 12.067462 
21.448279 9.917032 
28.547402 28.586424 
27.513071 31.830264 
27.865947 39.022953 
26.522465 26.180645 
25.996133 13.833209 
26.165357 29.743204 
21.882149 38.017551 
26.645616 30.667166 
25.701428 30.635023 
26.829056 31.384888 
23.488679 42.640226 
30.205505 10.655877 
27.787820 17.431343 
21.704353 -4.530974 
23.993422 11.475868 
24.833473 10.826766 
26.183385 53.532919 
23.945636 26.153579 
25.495472 14.422999 
25.873238 41.426075 
25.305871 32.189509 
27.288545 14.269238 
22.847971 12.729812 
23.101564 17.978419 
24.512313 21.652988 
25.309331 47.287512 
24.680797 -4.163790 
22.918422 9.797596 
27.515069 25.382653 
26.423341 25.790868 
24.433940 39.726597 
26.176544 17.607392 
24.724541 16.642182 
25.628086 30.568850 
26.663800 36.602842 
23.064311 13.929747 
24.713080 32.517177 
26.896922 15.959292 
23.538979 21.291363 
23.950054 46.005343 
26.979091 31.277670 
25.146048 19.264037 
27.387679 35.542925 
21.869870 38.190060 
29.117845 15.875522 
24.124479 45.303264 
23.480581 6.197537 
23.893738 33.863364 
25.215603 27.375907 
23.917032 31.674795 
25.423534 16.086978 
22.525872 20.022520 
26.160377 20.122667 
24.924294 33.467605 
25.246495 28.051551 
26.502369 39.747394 
22.049785 35.118769 
25.032639 20.200428 
23.964629 29.160744 
23.708152 31.108735 
24.969473 20.432503 
23.534115 22.400881 
26.642053 24.241485 
24.518333 15.096557 
23.835590 28.620589 
28.230257 8.894320 
23.963446 29.690420 
22.215523 37.662367 
24.401880 39.781784 
22.466270 18.143289 
24.025671 40.707731 
22.004491 13.870592 
26.017332 10.939405 
28.425061 34.554643 
25.059153 10.621598 
25.083687 26.008716 
24.787641 -3.093333 
27.402501 5.974450 
26.164052 28.913931 
25.793795 25.434433 
22.851192 20.635231 
27.528452 15.347135 
22.624557 24.085100 
22.078879 46.196598 
23.972858 28.907327 
28.076689 10.559287 
23.263467 23.954471 
27.876926 19.935639 
29.384140 25.786805 
22.704845 49.258327 
25.900304 34.906076 
24.769933 17.601017 
21.453021 34.497688 
24.100861 20.741284 
24.242195 33.651961 
25.507581 34.533345 
24.745680 32.927867 
23.132368 17.599391 
22.062702 17.212312 
25.757819 31.682734 
28.276173 41.931671 
23.986126 11.893684 
24.144568 27.577739 
25.157854 15.549883 
22.848106 12.379486 
21.414953 15.234842 
23.830738 34.125930 
22.867386 21.200406 
24.260507 8.525569 
23.906059 10.892780 
25.667288 31.977635 
26.371643 0.712327 
28.171227 36.300207 
25.970249 34.454513 
24.826960 42.950085 
24.129131 -3.087237 
25.238544 44.289606 
22.575971 16.231254 
25.576407 40.846293 
20.961210 46.848117 
23.610383 19.634637 
25.361231 30.547149 
27.655291 18.818623 
23.191284 24.258618 
24.906588 21.843271 
25.474840 28.081861 
25.450154 10.697297 
19.106967 21.053033 
25.765385 36.256809 
21.642936 18.492875 
25.565477 36.396606 
27.186843 26.574245 
26.436207 14.756860 
26.097127 9.643644 
26.013562 43.011295 
22.286597 28.833279 
23.350623 17.960961 
20.042206 12.788435 
26.617181 27.471682 
23.749629 18.979099 
27.130241 18.151823 
24.599587 20.619086 
23.806152 14.661300 
25.558908 32.864248 
23.715592 15.373189 
24.022178 36.755168 
22.817375 26.400135 
24.248083 19.355759 
23.972339 29.531158 
25.118561 25.809178 
26.637965 16.511518 
24.430744 23.441791 
27.620852 33.488563 
27.524204 33.220509 
26.680627 26.107193 
27.148524 34.156370 
23.240972 44.779405 
24.833147 -6.214258 
22.676300 3.594627 
25.775875 36.624951 
25.480403 30.601085 
24.791111 41.262361 
23.117798 38.203075 
23.276871 31.774539 
21.367043 -1.559634 
21.784821 7.548142 
22.415249 29.682949 
24.641096 10.749820 
27.506753 43.014074 
25.581111 26.343892 
23.143820 39.985951 
24.766811 8.166137 
23.951221 16.011500 
25.447618 -15.260483 
26.157890 40.244229 
23.508960 34.050490 
25.886599 14.677005 
23.823469 34.894407 
27.424254 45.609450 
26.858857 29.578057 
24.652214 2.487025 
24.130050 18.415536 
26.094043 27.066889 
26.659174 37.168103 
25.752372 22.515479 
25.378609 26.575623 
21.648161 28.789216 
25.827940 23.688468 
21.651418 27.581787 
24.418788 32.500435 
26.865067 23.117960 
23.144104 45.880344 
20.686794 39.006805 
27.216638 21.072160 
25.503574 6.019339 
26.255393 10.746577 
21.741642 -5.561211 
24.651657 35.796289 
28.628240 5.551068 
21.604811 37.758390 
22.906311 12.096183 
26.132491 26.358837 
20.450595 18.979156 
24.098969 26.765098 
24.772683 14.437561 
23.507251 2.390071 
24.379917 14.015680 
21.398316 20.497760 
25.351678 20.855401 
27.102083 37.650089 
24.692284 18.959201 
25.193406 47.190089 
22.720199 44.666382 
24.570146 48.441262 
25.528718 -6.916979 
24.444219 12.916505 
24.892423 13.069032 
25.380348 23.668733 
25.415538 19.826737 
25.290147 34.294042 
23.334970 30.734645 
23.852725 34.869804 
26.252615 29.773997 
22.389776 37.970108 
27.175995 44.147164 
27.139921 6.754731 
26.619708 37.326843 
29.366468 25.972814 
24.375750 31.179424 
22.304555 39.663055 
23.127827 28.315456 
24.635249 8.595276 
26.070804 23.086055 
26.112244 29.402852 
24.600141 28.644115 
25.581504 38.858494 
25.290139 27.550042 
22.910684 19.322932 
25.071830 19.917951 
25.912396 9.552901 
27.570359 20.387796 
24.420872 22.634342 
24.516203 0.003928 
26.749572 12.319630 
23.939132 25.536186 
23.683230 12.082612 
25.405290 30.844822 
24.533599 30.427998 
27.591188 36.261273 
24.231574 16.841572 
26.440624 43.184682 
25.133553 16.048119 
22.635879 5.707578 
25.151703 19.813429 
26.112855 18.205930 
23.387406 37.564981 
27.183641 21.103335 
20.792344 17.450938 
27.108437 13.443096 
29.657079 38.203231 
25.534826 2.014056 
23.548496 13.467692 
28.385049 43.263429 
27.836345 16.725094 
22.676294 46.457283 
21.324626 32.793378 
24.621083 41.270379 
29.294156 0.765951 
23.947334 17.611285 
25.737166 12.844842 
26.117114 29.210106 
23.959157 10.771602 
22.467155 14.157788 
26.829834 32.814522 
26.161538 19.398519 
25.840177 12.398547 
23.585248 26.643843 
24.543505 35.609267 
26.023387 41.182449 
23.541567 27.330642 
24.567651 20.984189 
22.060834 17.517558 
23.867313 22.856992 
24.099513 27.590352 
24.129613 31.353902 
22.266654 32.170109 
28.613398 22.446849 
25.846390 18.849752 
25.644103 18.926195 
26.554197 11.967384 
24.673474 39.531916 
25.448467 1.091041 
25.239648 23.482067 
26.139723 0.641317 
22.119619 17.886250 
25.131837 34.012796 
25.400875 55.229242 
27.999523 18.305187 
29.125475 18.573750 
25.547623 28.740825 
21.118332 36.436423 
19.136040 26.458787 
26.777237 34.450351 
25.278563 1.849695 
25.315213 8.520815 
25.385159 37.980983 
25.382827 30.981970 
24.610345 33.500702 
27.789777 24.508979 
20.713328 22.118992 
25.260738 33.126938 
21.582984 22.457349 
25.331755 14.340525 
24.299489 51.429308 
22.136277 29.230392 
23.905897 29.123528 
21.862472 13.051772 
25.804925 26.006540 
26.023079 21.712675 
21.854237 36.768940 
22.007028 36.449301 
22.657453 25.698316 
22.714275 32.129717 
25.705192 26.418706 
22.902812 14.330658 
24.721781 15.975128 
23.310679 7.348563 
27.296635 15.196717 
23.637499 27.062424 
24.708671 23.014931 
22.802749 31.359886 
23.166695 17.531754 
25.384632 35.821383 
27.493799 34.281443 
27.201889 25.190402 
26.991893 29.349534 
22.786158 35.002020 
25.248867 0.831040 
26.297967 40.394545 
20.974485 31.113494 
26.727332 8.861170 
27.744776 15.530707 
23.981154 34.171113 
25.190996 26.888414 
25.781527 37.234364 
27.833696 11.082246 
20.051157 24.971552 
24.753216 13.151522 
27.661656 29.833754 
27.094952 0.677784 
23.781381 26.761414 
25.682040 22.482481 
26.680447 28.249855 
23.017550 13.345076 
23.612175 49.104664 
29.885222 23.473646 
23.897546 23.242851 
24.856640 26.019948 
24.289747 31.751499 
25.992086 16.991664 
22.783037 28.407352 
26.984534 21.782871 
26.083292 53.035624 
25.282569 39.625770 
24.768856 38.165493 
23.598515 39.458289 
26.236342 22.306936 
25.176830 21.071729 
23.497235 25.641117 
26.542865 2.583001 
24.177707 20.841539 
25.514768 32.097946 
25.227537 7.367072 
25.571442 21.847888 
28.870994 36.065128 
25.787138 32.094507 
21.592732 20.123856 
22.173411 33.837349 
21.945690 31.957687 
25.907252 30.794687 
25.445122 29.757819 
28.009488 19.041835 
24.843300 23.855956 
25.824226 6.879309 
24.301171 26.007618 
29.789614 11.572821 
25.684047 40.611094 
22.108757 36.807182 
24.940693 41.357754 
27.506322 17.054478 
24.182750 63.049820 
25.037195 9.983385 
21.284826 13.645398 
25.055219 45.669747 
25.073472 23.795175 
25.182078 28.144420 
24.742200 41.544995 
23.302891 28.509934 
26.368821 19.032516 
25.467332 19.211047 
26.206489 10.857867 
26.155062 20.263006 
24.084682 5.127357 
24.869547 34.253191 
26.041594 23.105029 
25.951127 30.003426 
23.177918 31.034254 
24.298813 23.245415 
25.117271 13.750315 
23.206130 -0.128327 
24.023890 26.244500 
27.889923 18.210769 
23.575251 10.500931 
25.229953 23.437372 
24.160549 19.121832 
25.947121 2.504817 
27.326915 33.442549 
23.975551 8.900380 
27.826702 -9.401920 
26.911301 24.201997 
23.946173 18.044679 
25.246885 10.203965 
29.253369 44.253266 
22.427508 7.319772 
22.612474 34.154039 
23.270234 33.819576 
21.286168 13.745078 
24.914777 16.774257 
25.561826 26.391394 
25.503232 16.129897 
26.330540 39.844794 
24.802131 33.202587 
26.061097 22.913367 
25.778638 20.026945 
26.786284 14.318696 
23.378042 23.535459 
28.643966 11.091815 
24.873931 -4.197917 
24.057174 37.560050 
28.647735 31.548004 
24.786013 32.696308 
24.643884 14.043025 
24.879885 38.329097 
23.247244 16.621067 
23.091995 4.660030 
22.840401 27.563518 
23.511631 18.916961 
26.827130 48.871770 
25.640888 14.173875 
26.640437 13.615029 
26.961367 25.038726 
22.863156 24.207971 
28.630175 4.344115 
22.627997 24.913352 
25.525967 28.804343 
24.661438 35.432759 
24.761260 31.321579 
24.001419 29.598160 
26.355617 54.622922 
26.803800 45.515775 
25.448341 23.895746 
23.206684 16.474803 
26.082820 40.908176 
26.666052 2.653556 
24.543815 32.340986 
21.849107 32.117657 
23.074026 16.752205 
25.715628 -8.238161 
25.620025 24.083573 
23.417033 20.812084 
24.565092 19.410730 
23.393608 27.963123 
24.523976 13.856385 
25.283187 36.804463 
25.292887 30.503926 
26.774451 9.925517 
27.594512 42.501036 
27.658957 24.675083 
23.698693 26.002871 
28.715450 19.350174 
25.458975 14.434606 
24.089538 12.844801 
21.494103 20.296385 
22.542461 33.638182 
23.320657 16.445395 
27.483602 40.388920 
23.921983 32.393407 
27.913710 30.977745 
23.502861 21.644830 
26.252124 24.791470 
24.420974 9.917745 
28.691980 2.813870 
26.412972 20.834322 
28.723585 41.022001 
22.714881 27.192459 
22.136767 27.165576 
20.111739 38.897510 
24.316809 15.705055 
20.120194 48.889112 
27.474254 -1.537817 
27.969160 35.945525 
23.378373 23.716906 
21.232812 44.897345 
27.001482 22.012178 
21.522274 28.699365 
25.845673 52.240657 
23.755378 20.416039 
25.523453 10.150804 
28.039445 23.416490 
24.515604 41.052005 
25.058311 48.403725 
29.924902 43.991706 
24.875402 14.320124 
24.506827 40.265019 
21.347792 36.340154 
24.044494 12.341745 
23.930866 19.287912 
24.142938 14.387329 
25.155580 29.042881 
26.327067 41.120217 
26.970595 21.039542 
26.932014 22.155990 
23.430786 25.962104 
27.492356 27.421392 
24.393818 7.049688 
20.666116 25.670882 
23.162262 41.318116 
25.851013 44.446303 
24.893849 26.880981 
25.786889 36.556783 
27.842696 9.392080 
25.300777 4.143466 
26.317558 26.855581 
26.199958 39.110115 
27.795255 25.554094 
26.617151 6.603996 
25.239419 30.282627 
28.043351 43.114622 
23.501514 40.055896 
24.230557 35.580768 
24.696516 5.385200 
21.296875 23.135611 
25.547972 3.429806 
23.604720 42.585303 
24.047493 -1.484829 
25.962714 15.902313 
25.542545 36.662264 
26.812367 0.217061 
27.123069 16.878946 
25.829159 25.246126 
25.237090 6.451975 
23.383654 19.668222 
24.078565 14.322641 
27.066162 23.981432 
26.440298 25.238295 
23.442604 28.803130 
25.097413 27.388067 
29.955968 36.443309 
23.487142 31.547093 
27.991589 45.906157 
22.873718 39.677676 
23.616201 37.326200 
26.695297 32.446808 
26.851220 14.702985 
26.814573 2.852240 
25.587617 29.345039 
26.870261 50.339579 
24.009007 25.142905 
28.003418 28.217401 
24.595162 8.354861 
22.516012 32.768116 
24.178180 3.273171 
23.455767 23.188889 
26.786309 13.766204 
20.184653 35.793164 
25.430214 19.847734 
27.457206 36.184317 
29.532562 7.938596 
24.225163 18.992352 
26.492998 23.376465 
24.874633 30.858993 
23.418667 35.611608 
26.794139 23.020022 
24.883149 18.488608 
24.047267 19.758400 
24.883349 31.501567 
24.016812 10.762639 
25.372299 26.710109 
20.871948 18.240141 
25.546496 23.395179 
24.381921 39.177621 
24.760391 17.418789 
25.712388 31.659534 
23.693769 25.975179 
25.860511 34.252938 
24.319916 11.377165 
25.602278 26.425199 
23.224825 15.267440 
22.985172 17.630032 
26.659195 32.277199 
24.667710 27.969895 
23.697848 38.956925 
27.418129 32.268061 
23.809522 5.664952 
25.929197 7.071033 
23.695926 25.203621 
25.752249 32.272833 
23.173132 67.702463 
24.123817 23.628248 
24.608869 32.992432 
23.715118 22.117152 
24.536482 48.055914 
24.267803 33.495194 
25.589884 17.812774 
25.847649 33.906774 
22.799639 36.671392 
23.071748 6.337476 
24.442903 15.181234 
23.604847 45.347114 
24.891599 9.645832 
26.900306 38.252706 
21.131735 26.557027 
25.959088 -5.293156 
21.497545 19.495261 
23.323331 20.486314 
20.933268 21.712695 
27.931436 34.509973 
24.436463 23.741329 
25.395282 27.785759 
22.498723 24.204227 
23.607711 17.973029 
24.064772 22.184201 
24.929924 34.076453 
26.711262 26.643925 
27.290960 5.279301 
23.329878 21.858223 
23.932639 -4.820945 
25.130942 20.979718 
24.354402 4.266765 
24.660227 19.180730 
26.156890 36.651992 
27.583201 21.185612 
27.091235 43.759521 
24.820982 27.490231 
26.001352 30.827079 
25.000081 31.572772 
24.313321 22.342590 
23.247646 21.931547 
28.194861 27.485340 
24.574167 21.071820 
23.849403 19.371308 
24.896291 23.108112 
27.454920 27.329049 
24.362212 39.040337 
24.711009 14.775891 
24.749861 39.668549 
24.430120 38.833854 
26.211302 19.291432 
24.469354 27.785580 
25.437830 31.668469 
24.068245 29.546449 
24.867943 28.361403 
27.169334 39.515639 
25.153761 14.459069 
26.730515 36.860317 
26.887244 29.832410 
22.792431 32.171555 
25.614473 33.745270 
26.520096 38.243442 
24.627946 41.719178 
27.185559 -4.541849 
26.592713 28.433525 
26.429581 17.626505 
23.473453 39.899121 
24.549082 22.832038 
27.069320 24.238257 
27.736195 5.348936 
24.983021 26.411156 
23.629981 2.784338 
26.020420 1.205621 
26.594611 22.312727 
27.278870 30.392261 
26.404837 16.478028 
20.091865 27.250134 
24.310254 27.649619 
26.275668 35.534555 
22.821920 22.476748 
25.766655 15.340324 
24.121266 38.736881 
26.638367 17.182785 
26.086754 15.674619 
23.568997 25.695676 
22.123369 37.415658 
23.245322 -5.121391 
24.779798 3.344284 
24.965381 12.482201 
24.505211 32.613746 
21.943134 55.318280 
24.737203 15.118154 
27.278433 53.305506 
21.654133 37.348899 
26.758710 38.027726 
25.789480 44.665826 
22.840074 14.650987 
24.062839 32.539144 
27.633485 26.568345 
23.402407 30.841426 
25.997734 34.270005 
25.844301 64.022340 
24.865111 16.141063 
23.901441 16.495473 
25.982494 9.222380 
25.268480 29.914198 
25.645124 10.262392 
22.986348 27.586888 
24.747496 41.539220 
27.605489 8.922804 
23.603562 19.644706 
24.418002 30.876000 
21.778571 36.887945 
23.656182 38.314788 
27.963950 15.720750 
26.003038 15.209949 
26.797524 34.282744 
25.943152 51.739311 
27.034355 3.646207 
25.615970 7.207880 
23.934365 31.303375 
21.533819 45.348591 
26.777150 35.790021 
28.205116 25.250697 
27.654950 44.053387 
21.469610 14.233346 
25.913191 27.334498 
24.696925 32.450117 
26.653672 33.602787 
22.575773 33.379681 
26.682301 33.371645 
26.369988 17.288814 
24.724813 34.542712 
25.968736 33.900193 
28.310344 34.598126 
26.648945 35.648344 
24.463362 19.961798 
19.956903 30.242077 
29.750729 31.165151 
26.408002 18.535056 
23.848291 2.054131 
21.173890 49.123435 
23.504938 6.801167 
24.957472 2.730304 
20.061330 10.977731 
25.033545 31.971642 
27.076712 18.155513 
28.328710 42.995211 
28.142381 18.162726 
24.592197 55.645328 
26.007273 52.468972 
25.196627 29.002335 
22.238387 19.802411 
23.851030 34.837515 
25.400933 10.293335 
25.834575 20.085946 
23.132249 28.697755 
25.224840 12.448100 
27.267748 26.079607 
26.681482 20.702090 
25.458379 17.071352 
25.885852 44.634663 
22.497511 22.140363 
24.157375 12.428762 
22.542452 22.404891 
25.768900 30.257189 
19.818038 30.678203 
23.647665 23.630318 
25.938232 -8.303463 
28.328221 28.860342 
26.626626 32.808532 
23.868377 21.270192 
24.113607 37.560217 
27.738789 37.517585 
24.506424 35.382631 
22.878134 19.340364 
26.062228 37.089074 
27.136856 20.232385 
22.855799 34.545987 
25.866355 32.040297 
24.010942 18.487586 
20.932227 22.813560 
23.419225 12.611921 
28.060081 17.537365 
24.129237 -10.059011 
24.627961 19.348699 
22.506992 37.019275 
27.737991 32.170221 
23.901854 43.812751 
23.016820 35.690928 
20.871868 31.169662 
26.089480 35.580856 
25.859914 12.319720 
25.376621 31.522164 
23.900693 26.438826 
21.364948 28.479017 
23.023882 27.216004 
20.597612 11.417522 
20.552474 29.504101 
24.876171 40.844216 
23.344898 45.234649 
26.956436 -5.725664 
25.159527 41.564840 
29.061844 12.835473 
24.039644 40.563657 
25.722470 15.242494 
26.823108 8.798168 
21.967381 43.166524 
27.786030 11.029312 
25.591507 26.958814 
26.159754 23.771553 
24.749126 13.726223 
25.455089 23.201540 
25.737198 23.524100 
21.865438 29.417319 
23.334075 16.010888 
24.277324 -3.016909 
29.283627 16.838321 
26.860229 18.194650 
25.058545 44.523685 
24.393922 17.678908 
23.883520 18.031154 
26.761371 22.940879 
24.206770 21.867532 
29.105351 28.725653 
22.793848 41.170956 
22.028314 1.816884 
25.015680 42.794503 
19.316358 34.717996 
23.029310 62.688598 
22.574478 26.546478 
23.265016 29.831371 
25.409961 30.278388 
20.763375 44.264711 
25.348702 7.421098 
23.322067 6.667216 
26.067953 49.699255 
28.944081 31.109456 
25.251845 38.974704 
20.004615 32.023910 
26.510693 14.715025 
26.278681 36.937433 
24.289380 -0.027440 
24.108625 34.867577 
24.628124 16.948002 
25.523677 56.070436 
26.909917 28.904838 
27.636049 6.734524 
25.075300 29.054000 
23.502494 30.770418 
23.950550 42.339767 
26.039283 11.763311 
26.532103 15.830357 
23.542905 20.416762 
20.908182 37.392606 
22.871243 12.798024 
26.272136 39.379355 
27.664210 31.488296 
24.513719 34.216869 
26.137676 3.009642 
27.545457 19.103850 
25.063002 1.368465 
24.537042 27.907143 
22.458955 21.347955 
25.186662 37.296116 
28.401704 11.561521 
24.576368 27.331287 
26.187137 21.513398 
24.898635 -0.444422 
25.278578 16.878119 
25.859004 16.973151 
22.800493 4.404712 
27.355129 32.057436 
26.343327 3.619333 
22.574039 22.486547 
26.848537 35.484508 
25.160250 28.641316 
23.457231 16.797835 
25.470515 24.283336 
26.538025 35.048906 
25.607402 45.269486 
24.884832 38.422390 
27.355686 7.992841 
21.870851 23.192163 
28.943304 28.303252 
25.067762 30.364632 
25.480646 33.638028 
26.671563 38.890638 
22.281578 12.069365 
23.564465 19.194924 
27.175152 24.079572 
24.033680 35.350766 
23.411304 42.758924 
23.739410 6.610345 
25.036723 8.473846 
22.528745 23.710227 
22.572401 28.687002 
23.842891 31.630400 
24.062319 27.085686 
26.664966 42.163646 
22.369565 22.019272 
23.944414 30.909392 
25.542991 25.908778 
24.997201 7.210823 
25.973289 31.189904 
24.520823 23.749566 
23.651998 30.967398 
24.436446 21.850199 
23.389581 31.313744 
22.331680 32.168705 
24.458553 19.491322 
23.908928 33.328886 
25.468660 20.861821 
22.619190 33.161306 
26.769130 40.935203 
24.125874 14.906192 
24.694488 15.582902 
25.880547 17.428990 
25.249988 22.297213 
28.545222 31.979367 
25.298254 23.469664 
26.097982 25.637005 
25.038606 3.231705 
25.468372 26.714891 
27.792940 22.066867 
24.869676 43.669520 
20.134598 17.946357 
26.393355 9.068936 
22.211119 26.506756 
24.240215 10.996985 
25.510783 39.925922 
26.166200 48.598212 
24.372812 30.210675 
21.823625 20.778953 
26.188686 31.979635 
24.063478 31.128898 
25.257932 37.711134 
27.483018 20.671792 
25.282065 23.201863 
25.310594 27.002988 
24.540958 24.252704 
27.193683 14.533338 
28.942867 33.190780 
23.172114 32.981403 
24.370765 27.327654 
23.885323 43.396264 
26.004840 28.393076 
27.198223 3.498263 
22.350014 58.252718 
25.820939 27.200128 
22.749598 26.770605 
25.901875 44.073119 
26.944852 14.260764 
23.327298 22.397990 
21.190450 37.064140 
21.980137 21.400096 
26.509283 16.127843 
29.147566 18.505458 
23.690903 -1.478270 
25.324430 29.684809 
24.038372 14.406425 
23.691241 27.150354 
25.776337 30.250541 
26.390854 19.984658 
25.486761 8.920004 
24.095704 35.451836 
28.842401 30.529904 
23.534096 6.636740 
21.019821 16.793809 
25.909751 34.842970 
24.604302 20.328330 
26.605094 17.782888 
24.277535 25.540649 
21.969724 43.236984 
21.131030 34.994355 
23.433325 46.150724 
24.698905 26.501431 
24.121634 38.269694 
23.646189 39.311308 
25.429539 47.041224 
23.787688 33.975501 
22.732555 33.011072 
24.418640 -1.275832 
24.880672 37.185829 
27.932169 10.885949 
25.177669 36.658731 
23.486758 11.040271 
23.503330 22.955942 
22.893855 23.761514 
27.137999 39.014742 
27.374013 33.154027 
25.721678 28.562865 
25.956220 51.164643 
24.093388 23.205984 
25.028359 28.650663 
27.445215 12.942539 
26.161620 42.018666 
24.720589 8.472366 
27.886391 23.096610 
24.480290 30.935548 
23.861717 2.302829 
25.731340 38.147758 
24.927690 9.978667 
20.920275 7.192039 
24.764791 20.279278 
25.722781 40.684125 
25.756814 26.443026 
28.928674 39.052060 
23.354424 47.542695 
26.370497 8.392457 
23.133982 19.695072 
26.076875 13.972408 
27.075817 19.607954 
27.101221 22.815625 
26.863855 23.365948 
25.803621 24.949404 
21.787558 35.323242 
21.695223 27.678935 
24.440807 19.857661 
22.991270 7.315690 
24.570864 20.607694 
26.513670 29.937259 
27.292322 20.867496 
26.591386 26.226493 
25.007928 27.412973 
25.906157 18.805491 
25.853666 8.619061 
26.736284 36.693328 
25.654477 22.204253 
26.924476 29.230820 
22.759951 9.816894 
23.659816 7.457748 
29.390694 31.216873 
25.294877 20.117797 
22.932130 31.441886 
26.526825 22.269308 
22.570213 26.014639 
22.014031 15.723250 
28.055249 19.182560 
25.495921 35.441626 
23.056903 38.264105 
27.278627 9.359246 
24.680400 21.278849 
25.056090 14.234449 
28.231362 15.365871 
28.379945 40.015128 
25.402612 18.677293 
20.958840 36.623833 
22.265351 26.284355 
27.431211 9.317878 
25.751554 24.179944 
28.617252 -3.674712 
24.883856 29.128261 
19.366049 32.540115 
23.426135 14.574804 
22.234526 16.880529 
22.165922 29.435183 
23.965415 29.292312 
31.712979 30.135257 
25.721744 32.680655 
26.901193 3.916573 
25.905497 16.072008 
25.566609 23.162462 
21.947372 26.423617 
24.552221 33.850752 
24.969818 25.110633 
27.351560 -2.025293 
25.980396 29.494294 
24.244444 12.981300 
24.248507 17.844817 
24.458972 10.706329 
28.060174 41.920406 
27.332086 35.780588 
22.647010 14.903406 
24.414137 22.077009 
20.679333 13.022330 
22.785729 27.997451 
29.995306 34.694432 
25.035028 28.036342 
23.746003 23.810701 
24.380980 5.421674 
25.131530 32.250639 
21.311755 15.841415 
25.826117 30.224724 
23.159832 27.932896 
22.937126 39.870900 
27.365627 29.187327 
24.568928 36.611918 
25.697153 25.476256 
24.066661 17.883851 
22.463202 38.961404 
24.754613 8.430131 
23.011036 17.329100 
24.918993 19.141020 
27.580757 8.943210 
27.681137 18.740173 
26.178475 4.868450 
24.441698 45.644436 
21.699345 11.340233 
26.228369 26.307351 
27.582233 45.256961 
24.844330 38.103317 
24.748468 21.397016 
27.229892 14.960798 
22.379380 16.733311 
24.257030 31.931262 
25.009126 35.494095 
23.610654 23.778254 
27.397362 6.930617 
23.146068 25.278692 
24.357698 16.488923 
23.101042 37.950948 
25.373926 15.176417 
27.601563 30.382172 
24.781503 10.443280 
22.414942 22.205238 
24.766116 31.887435 
22.695307 10.060764 
24.676439 20.140472 
26.291840 32.407003 
22.666140 30.284325 
28.620981 32.019964 
26.270234 22.795992 
26.408153 14.174424 
26.084454 24.326710 
26.145355 33.007722 
27.584258 39.046259 
26.406149 36.089703 
25.638402 28.119960 
25.767331 7.161010 
27.658283 3.392487 
27.573462 23.484275 
24.645895 21.037352 
23.360545 46.842819 
22.223840 41.542347 
25.415160 24.986191 
25.018340 42.145575 
27.034033 35.413984 
24.579863 20.910034 
23.758687 39.502766 
24.623011 17.128897 
23.620909 13.025972 
27.871107 23.989906 
23.823759 28.494080 
23.646463 13.008585 
26.352738 29.511727 
24.781533 30.164054 
26.944390 23.716022 
23.995621 14.373317 
26.289805 21.082422 
24.702693 28.976178 
28.340023 22.163806 
25.842267 43.089962 
27.176497 17.069429 
26.468316 17.901612 
22.181414 40.533585 
23.244930 16.732683 
28.467691 43.838510 
25.210000 15.742777 
23.592729 38.487393 
26.025002 5.041745 
25.823852 9.962437 
23.111835 6.613466 
26.948846 39.103703 
23.601325 48.702106 
24.496610 44.530999 
27.072537 8.821311 
29.169071 28.354927 
25.361076 29.469224 
23.824872 19.821003 
23.071172 38.715361 
24.750863 24.377773 
27.565264 20.071055 
26.520431 24.382974 
25.637490 4.593841 
24.140579 23.543172 
26.071390 -10.344895 
20.746748 39.433331 
27.843260 8.828718 
25.481231 5.402431 
25.114323 4.532695 
23.615402 21.417849 
23.718015 44.032014 
21.284361 21.290890 
29.570884 25.945191 
20.849839 14.082607 
24.173164 21.824627 
24.468397 27.848519 
27.603597 7.040160 
25.361644 41.172702 
23.332932 41.327783 
24.692606 31.238470 
27.830774 19.246109 
25.601512 7.568080 
24.130710 26.639025 
27.426101 39.983744 
28.567333 25.401042 
24.991221 34.696823 
23.838257 28.097424 
22.792535 25.885972 
23.771563 22.898710 
22.784952 29.960988 
25.152703 19.099394 
24.511019 13.945271 
24.600287 24.907000 
23.125801 13.720335 
23.199915 7.180676 
25.596015 37.505636 
24.182331 10.876201 
28.625690 33.071428 
25.228836 18.347324 
23.876154 32.149567 
27.129840 50.820059 
25.631116 16.741404 
23.710924 15.215558 
23.156876 7.357260 
24.396864 15.740865 
22.774734 17.294870 
24.513275 4.244894 
25.437888 26.423722 
28.212218 16.120237 
23.395475 10.151953 
25.390280 18.320264 
26.350657 23.125370 
24.560035 18.890880 
24.367840 51.464086 
25.198203 50.551028 
27.497809 30.620383 
25.754734 14.522169 
23.185123 31.018148 
29.034328 0.021991 
25.425488 30.203358 
25.857213 30.504329 
26.419768 35.175351 
25.837587 27.688999 
26.575336 32.755932 
23.884359 28.441302 
23.650589 21.963632 
21.758536 18.782577 
25.510451 33.375084 
23.904216 35.611617 
25.202134 7.971172 
26.699011 42.366682 
22.779681 24.237985 
25.144663 22.396714 
24.358503 18.310520 
22.409027 22.417058 
25.506769 38.973968 
24.964250 37.106702 
23.979699 20.866617 
25.406109 8.010285 
22.804161 11.511228 
23.296252 32.563573 
27.620986 29.595249 
26.188131 37.942410 
25.061958 29.480301 
25.521359 21.618044 
23.643863 30.540908 
25.897583 21.911770 
25.366223 21.733481 
26.022828 28.860128 
24.124263 34.407391 
20.750709 30.263340 
22.934615 45.906040 
24.711164 41.467258 
28.108952 25.277345 
26.088143 26.774490 
25.572016 11.301117 
23.836314 -2.854724 
21.235074 47.769476 
22.459689 39.846436 
24.938926 31.952031 
28.343896 27.052659 
24.710513 27.482912 
24.027054 32.276550 
26.670089 19.000448 
22.875729 26.640903 
24.493018 13.932094 
28.130376 28.504090 
28.484369 20.466727 
23.474106 49.813589 
26.300038 10.647939 
24.105206 23.453918 
26.737782 24.049015 
22.411707 30.179162 
25.875533 6.617955 
22.616780 33.297445 
24.151797 31.100283 
23.146773 8.069632 
24.056978 2.126354 
23.802290 34.308367 
23.165459 10.576124 
28.961104 32.211712 
23.110935 28.770363 
26.750412 21.279823 
24.526760 19.762150 
22.681620 20.405032 
25.631971 28.430816 
22.639262 49.373599 
25.083062 38.389602 
27.041824 53.558365 
23.360286 23.751065 
27.229948 30.619113 
23.695235 32.100661 
25.951894 18.455476 
22.416446 8.791782 
24.027606 28.643616 
20.862768 24.874471 
26.419199 1.892037 
20.358783 29.923005 
27.265539 -1.721333 
26.923862 29.004350 
22.095157 14.094303 
26.249841 31.289536 
27.280646 29.830684 
24.935932 27.793797 
25.392745 33.362611 
22.130022 20.562867 
25.390269 3.317910 
23.438568 9.279267 
27.847956 29.074212 
20.740439 27.706598 
24.949170 41.858249 
24.558782 19.989517 
21.762506 15.896404 
20.732747 19.607599 
27.259430 26.718587 
27.171642 13.345228 
28.160441 38.733247 
18.716862 24.831585 
25.098913 46.178248 
22.869427 24.387966 
23.049827 37.495662 
21.433414 14.511878 
24.548379 26.435223 
24.487844 36.995412 
26.515391 33.926256 
26.501528 37.482022 
26.235123 33.858632 
24.324903 9.509019 
23.893289 37.108405 
22.924196 19.305206 
25.964906 32.972060 
22.929554 19.192616 
23.038015 29.603224 
23.172079 18.885744 
21.938133 33.906417 
21.694980 30.689157 
21.838186 -2.461556 
24.234713 31.103766 
23.112434 27.169642 
28.896700 18.455101 
25.204634 16.057672 
27.632054 10.383177 
28.638903 22.292930 
26.107853 14.024014 
26.588147 16.916262 
23.424085 35.576357 
23.644687 18.662159 
24.900924 8.286813 
25.686659 34.954723 
26.796026 41.850302 
24.881197 3.802978 
25.158027 21.316057 
23.928819 23.021173 
23.796581 41.719172 
26.605473 29.015600 
23.762088 9.874537 
24.880136 13.702024 
23.091312 29.161699 
28.779648 23.744670 
23.401798 28.690928 
24.062538 17.938704 
27.360035 28.705257 
25.820581 9.442083 
26.671958 39.554779 
24.604325 13.622368 
26.164022 25.701328 
23.895838 27.095450 
25.478711 32.297322 
20.787560 34.284718 
24.707554 22.906056 
25.264779 23.887894 
25.989628 40.261537 
28.082286 13.008213 
27.266757 17.581114 
23.242994 3.936174 
28.257704 20.219121 
24.180670 18.648179 
22.373624 7.839842 
23.818988 1.745037 
22.398723 50.820520 
28.150201 29.179314 
26.882554 13.314357 
25.060900 29.706085 
25.191569 20.421808 
21.800704 27.434413 
28.695428 26.872065 
28.242496 29.055312 
26.936623 19.916066 
24.479712 27.138829 
25.802597 40.320714 
22.070417 34.196385 
27.806756 50.489409 
24.235008 14.085386 
24.140141 30.723531 
24.494983 41.567852 
23.872667 21.866286 
24.626105 2.663613 
23.591018 40.072616 
26.455980 18.593434 
27.518730 25.366537 
27.063463 28.618322 
25.672048 11.610674 
25.253727 21.798060 
21.781057 28.303420 
25.927714 41.905646 
25.972970 21.130441 
24.095575 11.337340 
27.830148 29.855286 
26.581224 6.400865 
23.462345 28.019182 
24.770218 31.091290 
23.563355 30.964500 
26.747783 32.879328 
25.368671 39.995172 
25.623364 22.866116 
26.594318 25.121942 
25.906132 18.060086 
25.787473 12.685353 
27.544552 39.483605 
29.063905 12.128225 
24.706631 15.335436 
24.164384 2.604644 
25.985371 38.361114 
26.283137 28.630797 
25.780064 33.059192 
25.616618 26.169894 
24.676599 12.146520 
20.945846 25.548192 
24.982052 25.398958 
28.502246 32.547002 
22.148477 15.488659 
22.603315 32.509965 
22.856811 40.444505 
23.518079 38.169809 
24.815194 21.959123 
27.171367 17.648813 
22.572963 30.001270 
21.912483 19.306561 
24.710617 42.592851 
25.223352 30.695895 
25.641908 23.809982 
23.615923 20.403099 
21.635003 42.865750 
24.741604 -4.639919 
24.886662 32.781585 
21.991334 36.403352 
24.377390 14.152677 
24.835430 37.827428 
27.475113 16.698920 
23.942130 42.302985 
26.071472 25.387115 
24.277352 5.729842 
23.080086 36.973570 
30.473990 29.463847 
23.240310 8.975657 
25.782381 41.582631 
21.478777 37.937666 
26.199287 30.393384 
23.457612 34.836392 
22.845263 21.732776 
27.811759 22.727794 
27.061322 25.380445 
28.128976 36.623097 
23.292510 27.882505 
22.069912 27.166141 
24.107929 27.410991 
25.248425 38.347729 
28.300888 28.745668 
24.320445 34.301792 
25.241424 33.485343 
26.396034 28.496403 
23.782578 26.498245 
31.761914 17.634890 
27.113343 11.744320 
24.999136 22.161841 
25.216130 1.794978 
25.423361 39.800102 
23.617392 45.632091 
24.230593 44.532934 
22.553774 28.546866 
25.677412 29.152387 
24.254732 12.801488 
27.015318 11.569973 
27.185159 19.973433 
24.302511 18.937795 
23.832542 18.620109 
25.052503 33.770912 
23.417771 33.082062 
24.216129 35.958429 
21.791455 7.229530 
28.351354 30.361408 
30.117622 12.963210 
21.395069 30.901634 
23.264181 22.634470 
20.744476 33.307984 
24.617481 19.766828 
26.125201 14.766708 
24.777635 32.210836 
23.871179 32.158519 
27.124125 49.840596 
26.689227 30.078159 
26.987650 18.603796 
21.932419 26.976733 
24.348484 24.894945 
24.203921 25.944373 
25.639153 16.303729 
24.027266 7.531900 
25.328203 38.214299 
25.757573 42.189994 
26.987894 33.391384 
26.137780 11.106755 
22.720309 0.357344 
23.136309 26.075721 
27.751795 6.065223 
24.271560 37.088600 
26.177444 11.504367 
24.511168 -1.922193 
27.073733 41.229941 
27.225155 5.166782 
23.040227 24.849699 
21.944923 30.471890 
23.934342 22.113383 
23.921003 13.552644 
20.908634 4.515245 
24.086271 25.759898 
27.899499 17.645384 
27.733818 11.788246 
25.839242 37.252757 
22.783848 46.257022 
26.955133 35.425418 
27.398761 4.923651 
24.722690 14.170879 
27.206865 41.959017 
28.643984 16.476522 
25.452201 22.299948 
28.119615 29.957707 
25.117451 16.450197 
26.869418 42.306724 
26.491530 36.804454 
27.722025 14.672097 
24.234195 35.040296 
23.189662 27.166022 
28.427417 9.897248 
23.138017 16.772922 
22.027213 26.203899 
22.507882 30.490535 
28.447437 34.862006 
21.833674 12.657968 
21.238389 37.678576 
22.385596 33.939982 
23.778207 30.872100 
23.779147 43.626301 
24.020075 26.287239 
25.738417 10.969017 
26.990726 14.406153 
29.578119 31.690211 
24.193112 37.918111 
26.466526 4.386101 
23.050792 33.157270 
29.506296 11.958141 
25.524323 26.912203 
25.039397 15.785594 
22.815301 13.896950 
24.782692 37.109318 
26.655578 16.729823 
23.823907 36.480453 
27.614959 42.985492 
24.481979 8.325544 
23.763433 17.156416 
26.436491 21.324240 
25.597160 22.460703 
26.431491 20.769844 
21.561097 15.971866 
24.862089 23.351734 
23.870519 39.345394 
24.039053 14.749893 
19.495309 33.464076 
25.522511 17.605202 
21.999144 15.110693 
26.944579 20.275908 
22.844975 27.374506 
26.271505 25.830428 
27.300619 26.097645 
23.908164 13.442655 
27.450620 17.255055 
20.616557 35.763251 
26.768971 37.144514 
25.448853 4.926155 
24.292507 12.916495 
26.472879 27.395651 
25.942085 28.906387 
22.573873 49.637328 
24.392862 32.434672 
24.855231 31.246562 
25.955632 19.473126 
20.362789 48.678102 
24.909834 23.048106 
23.827652 58.207678 
26.215623 38.384572 
24.277211 37.747321 
27.431829 29.121682 
28.347323 25.623902 
22.806969 43.931330 
22.284430 35.043766 
27.430999 29.514952 
26.076380 32.093338 
21.917320 28.392061 
22.901972 26.652396 
26.500985 10.218837 
25.386428 2.030519 
24.309092 41.684086 
25.542443 28.695946 
26.100308 27.824907 
25.896431 22.944782 
23.807248 32.117550 
26.520654 17.533987 
22.714123 34.958023 
23.894641 28.632575 
23.889014 38.124384 
25.119018 27.542328 
24.660231 46.091312 
26.017145 38.427971 
25.433180 2.323003 
22.046725 28.791914 
20.277690 38.516994 
22.390559 13.086272 
27.115157 31.354433 
27.763957 -10.269647 
24.158983 60.207639 
26.748899 28.970463 
25.830084 29.266510 
19.816808 6.683636 
22.859559 43.329863 
24.702065 44.969822 
24.214210 29.739381 
27.278621 21.469131 
26.253556 14.712127 
23.963471 49.021636 
27.085471 37.213246 
27.970463 22.028743 
24.915769 13.727104 
26.029301 31.853455 
27.533638 47.345644 
22.872566 31.559680 
25.139731 10.163225 
24.998621 16.973497 
24.633125 15.607370 
26.944400 13.392257 
26.633064 47.166217 
26.137927 37.711676 
26.134603 31.666384 
22.628458 37.040163 
24.027680 30.407644 
26.970742 20.379120 
26.094127 44.226319 
20.435095 14.107045 
20.111809 20.603255 
20.842082 31.683357 
24.545653 20.881841 
21.599894 13.765952 
25.208060 19.182068 
24.505415 10.402878 
26.095514 33.375229 
25.542164 13.726170 
24.480518 26.729972 
21.276934 16.457527 
21.999435 25.575490 
24.585253 25.475723 
22.500142 11.830182 
18.729063 26.756454 
24.984841 16.717007 
22.989197 23.258584 
23.033321 21.413690 
24.094637 24.037453 
23.395605 8.573030 
23.522088 42.462134 
24.590212 22.297646 
28.945343 -5.474532 
25.587250 37.900241 
25.582203 29.525732 
23.888914 28.800683 
28.315495 17.792239 
26.735756 10.384554 
26.112812 18.849694 
20.306515 28.319334 
26.156090 28.908595 
24.649374 37.658825 
26.582335 29.826188 
26.106673 24.445847 
23.857633 24.182703 
19.785276 21.760863 
22.688443 18.756983 
25.819629 22.368813 
21.366848 8.683435 
24.647562 26.372139 
24.640956 31.752043 
25.762456 5.841902 
26.209075 19.308052 
26.867287 17.678819 
23.982578 10.603355 
27.078928 29.516483 
22.697059 18.151797 
26.474477 15.699314 
23.565298 27.437425 
25.692871 37.974827 
25.215833 9.530432 
24.078101 27.153864 
23.498469 19.280748 
22.630177 24.948197 
25.066145 17.191587 
25.220293 20.275274 
26.479685 13.698364 
22.191325 40.879807 
26.756098 12.552803 
28.388627 32.665612 
28.313415 19.967943 
27.792606 29.039360 
26.695482 24.065132 
25.299979 44.116421 
25.061949 13.429060 
24.803999 17.500441 
25.763890 31.507026 
19.927906 23.591954 
26.635282 26.219380 
25.503774 27.363828 
25.995201 23.283572 
25.126907 44.081863 
26.058255 -12.220743 
23.071509 22.205767 
25.320706 30.185516 
24.521370 34.277422 
25.788875 23.602709 
24.844660 30.221374 
22.082454 24.621964 
23.575445 26.409251 
27.033124 6.661877 
22.441717 35.497358 
19.654522 22.222162 
24.218995 35.636745 
20.894642 14.705749 
22.595172 19.720247 
25.476438 30.053014 
26.005554 28.086116 
20.729850 37.117158 
21.277553 30.718657 
21.474390 34.240354 
25.737609 18.870961 
23.073593 25.834200 
24.329899 17.933652 
25.002001 26.233640 
25.690525 9.142601 
23.609621 14.907887 
24.746779 28.094316 
23.112015 15.189574 
20.782475 20.428055 
27.195176 31.132332 
26.302025 38.533439 
25.279410 4.663544 
24.923629 26.625924 
26.689786 41.895022 
24.874024 9.131125 
25.633897 23.921786 
24.216433 28.237263 
25.432543 29.632438 
26.206722 24.721252 
24.119962 27.339372 
21.538902 18.122349 
26.394154 20.870800 
28.160855 24.063658 
24.349284 21.297852 
25.647051 16.703293 
24.993746 14.956430 
26.036131 12.494300 
21.441629 36.193658 
28.630962 27.322598 
25.537134 15.447401 
20.973481 21.777744 
26.065979 10.839606 
26.115593 19.002687 
25.940296 46.064519 
23.698244 29.379022 
21.630377 7.316980 
27.258151 51.241392 
24.667700 27.004100 
24.183222 16.628218 
27.448525 25.913668 
23.967376 47.280304 
27.200034 23.215049 
24.430062 34.909677 
26.497610 22.489279 
25.353360 24.668669 
24.356996 14.316922 
25.069102 20.281828 
23.813911 21.690707 
25.716456 13.277037 
25.022496 35.412854 
25.314054 11.733114 
25.528436 19.736681 
23.528194 29.027618 
27.925791 28.625170 
23.422075 27.179155 
24.390603 18.628632 
24.839603 40.966542 
23.861031 29.034971 
25.226851 26.975863 
22.585670 25.981564 
28.531656 26.172013 
27.693157 44.440517 
20.518241 22.994146 
27.648108 52.985396 
24.878586 21.846554 
24.364865 31.758935 
22.468401 10.040256 
22.268197 18.627953 
24.709425 18.340303 
23.417554 39.380529 
24.402249 30.360135 
23.717408 25.456934 
25.038452 56.403940 
23.747896 26.726810 
23.873347 8.212876 
23.761786 19.958202 
27.324424 42.133918 
24.853987 24.712422 
26.673987 10.262731 
25.801182 28.888837 
21.835551 33.061785 
23.690509 23.298303 
25.814075 15.016385 
27.633849 46.825956 
27.268553 25.494178 
24.916139 9.762509 
26.120886 44.056563 
26.960434 31.994946 
25.777334 32.498901 
24.008213 20.741609 
24.417522 44.703925 
23.918262 37.356722 
24.106475 16.105242 
26.851512 13.251156 
25.001106 21.584976 
26.298820 36.583813 
27.090215 38.850451 
24.521865 20.041017 
28.190453 14.278941 
24.525753 22.230327 
22.402459 17.271948 
25.984120 44.972887 
26.876458 -1.931464 
30.911224 20.876665 
23.655915 28.806372 
22.853299 31.992661 
24.003344 20.117320 
24.894561 30.130928 
22.188346 22.361776 
26.579099 14.808579 
26.128429 11.426033 
25.536612 33.673681 
22.270880 22.803716 
27.822307 22.081127 
26.850382 30.521490 
22.695166 39.803397 
25.265663 45.203715 
25.654088 7.926435 
26.712248 -2.189763 
24.101516 31.047509 
25.542471 23.711658 
25.840890 24.352809 
24.913647 45.366426 
26.887824 49.374655 
24.867841 13.738489 
30.251814 41.173571 
25.781681 32.937071 
24.330179 30.231134 
25.868990 43.748641 
24.122537 37.063376 
26.700380 13.258709 
26.203308 26.380081 
24.928855 41.503046 
26.268513 8.400243 
18.854892 24.094421 
26.806495 43.944305 
24.547556 -7.123043 
25.864166 4.352669 
24.883827 16.474133 
24.826199 36.169581 
24.645570 55.539143 
23.175244 24.148010 
27.328629 29.959527 
23.584252 39.542171 
23.436631 37.709045 
25.317785 -1.482096 
26.365474 13.554064 
22.156753 36.586141 
24.150939 30.320340 
25.224381 3.425022 
25.011103 21.418484 
27.150305 26.645318 
26.122114 30.246981 
27.202710 37.213321 
25.652893 28.894481 
26.162053 23.246658 
28.428992 27.473582 
27.708084 25.757350 
24.927932 32.631189 
27.824544 52.801333 
26.180540 25.249277 
25.093052 36.195221 
27.345091 37.108130 
23.111166 30.027116 
25.561848 50.123080 
24.688104 11.736670 
27.725635 11.763580 
24.280679 30.297429 
21.834029 1.704855 
26.853622 20.384667 
21.938854 22.885679 
23.604174 21.321863 
24.814606 22.764760 
21.450220 15.139817 
25.805402 28.595115 
23.850375 23.585116 
