0.961762 1.325128 
1.274101 -0.009253 
4.596331 1.902558 
3.876748 0.087480 
-1.565640 3.910469 
2.047583 2.117874 
0.859732 1.895926 
4.181914 0.466221 
2.092300 2.471333 
-1.649381 3.423646 
-0.173895 1.109606 
1.023501 1.544015 
0.794685 0.114980 
-0.012202 1.078805 
-2.566166 1.399925 
-0.295727 1.810364 
1.839348 0.383020 
-1.145622 3.723508 
0.491963 -1.327068 
0.866722 -0.883914 
1.832223 -0.641620 
4.230712 2.691412 
0.882146 0.160856 
1.598855 0.845896 
2.553446 -1.338156 
3.368080 3.948595 
-0.924719 -2.690353 
-0.178612 1.555496 
-0.088823 2.442527 
-0.631316 3.223333 
-0.226504 1.945732 
1.415985 0.516068 
0.970963 2.462431 
-2.627437 0.896232 
0.979167 1.898994 
-1.060395 1.421634 
0.538972 0.996413 
4.164016 -1.154982 
1.895892 -0.420145 
2.588857 1.195582 
-0.468787 2.706970 
5.583774 -0.416441 
0.049998 0.041859 
3.778399 0.848271 
-1.409555 -0.933441 
0.524346 2.212122 
0.878613 4.589915 
-0.712348 0.823377 
-2.715142 0.927386 
-0.683630 3.031130 
-1.137333 0.781658 
12.491162 9.442219 
8.235275 5.583738 
13.090748 9.406341 
9.862794 12.210333 
9.720189 7.306270 
7.640262 8.161415 
5.202966 8.367421 
8.134690 5.048465 
9.400148 9.296587 
9.964028 11.214891 
7.987609 9.368598 
7.611965 11.258009 
9.829802 6.476293 
6.878218 7.786759 
9.666814 9.133178 
7.998924 7.392661 
4.699984 4.416633 
9.301498 9.829330 
9.057739 7.919232 
9.650498 6.309781 
10.561972 9.860433 
12.122192 8.443248 
3.271093 6.171945 
13.432853 7.853987 
9.492846 8.103473 
5.291735 6.885957 
3.659209 7.595951 
3.126167 7.406566 
10.603796 6.971233 
5.813864 9.207236 
6.940222 6.519801 
10.300155 6.840767 
6.798759 6.859034 
10.585589 7.144756 
6.546672 9.028321 
3.952073 7.759993 
7.718879 7.308727 
6.784738 7.872334 
2.308742 8.061279 
8.375956 6.371057 
8.256462 9.676578 
8.306846 9.640735 
5.226008 8.539845 
8.482018 7.767465 
7.001826 6.697576 
6.567541 4.258921 
8.477979 7.310850 
9.319102 6.414548 
8.936703 11.828141 
4.756223 10.991207 
15.935751 12.338059 
16.377761 12.711554 
17.534020 14.848055 
18.497948 17.207737 
15.405400 20.168881 
15.339836 17.437348 
18.395142 13.839005 
16.649445 14.492287 
14.271188 17.193032 
17.157146 15.095726 
14.837108 14.705339 
17.602397 14.470129 
14.999083 15.863623 
18.754125 18.263669 
14.507492 13.800649 
14.338660 15.093418 
15.639089 16.251080 
14.444829 15.029701 
11.517419 12.678460 
11.690273 12.529429 
17.375764 16.554983 
13.977617 15.154975 
18.407950 15.439320 
16.549668 18.414896 
14.981420 16.297438 
15.556238 16.248331 
14.790616 15.304734 
16.565682 15.601883 
15.621785 15.792560 
17.097043 17.257836 
13.994870 13.362741 
16.989349 14.701743 
15.128857 17.125670 
15.990003 17.307082 
16.723778 14.955534 
13.871245 17.001353 
11.485661 15.787308 
14.242274 14.865262 
17.401637 14.087014 
12.566718 16.360669 
15.295815 13.917594 
14.025394 19.358035 
15.509376 15.288921 
18.230657 16.246254 
18.029883 16.168692 
15.736590 15.217068 
17.131822 18.568718 
17.317942 15.209138 
11.992038 17.827850 
11.103967 16.278756 
33.036056 28.904980 
31.709549 33.114055 
28.876006 31.550086 
30.245990 32.326833 
27.929918 36.195203 
32.837002 34.216729 
34.921883 32.198063 
34.616535 34.015682 
32.878208 32.939935 
28.775377 35.075918 
35.728135 30.347933 
33.305472 34.883752 
31.372014 32.222686 
31.514500 33.034125 
31.415836 31.083162 
31.544974 33.298862 
29.128700 28.645390 
33.248910 29.987920 
30.639484 33.476053 
34.069984 28.306004 
32.160052 33.421842 
30.527886 35.887848 
30.547674 29.086823 
34.295387 32.018001 
34.002746 31.227473 
31.576794 28.730379 
31.653623 32.376189 
28.910722 30.497288 
29.232077 34.143468 
31.850976 29.651712 
28.508826 30.981811 
31.073362 32.783446 
32.924465 29.610760 
32.393772 32.874639 
33.720652 33.005120 
31.816116 32.139821 
33.891360 31.807344 
30.588234 29.067450 
37.385147 33.067167 
36.192670 33.754583 
31.800948 30.566831 
36.309061 31.207194 
36.627751 30.405493 
31.285701 31.247210 
31.380964 32.272128 
32.395673 34.090840 
32.957368 35.873450 
31.843755 32.503905 
35.634458 29.690388 
33.702163 28.073348 
63.952027 63.191548 
65.240233 61.688191 
64.634627 62.986808 
66.789499 62.955818 
66.502778 68.220699 
60.901596 67.676969 
63.780165 63.944797 
67.307375 66.001967 
66.910176 65.792219 
60.284092 62.408365 
63.617815 65.697602 
64.122511 62.263911 
60.172433 64.761525 
61.170138 64.250440 
63.581077 62.268424 
65.639345 61.953608 
67.884304 62.050850 
63.778751 66.014768 
62.232087 63.879156 
66.840585 67.084445 
61.342783 66.032459 
65.031184 66.556098 
64.652965 63.758173 
64.179414 66.597114 
62.749714 61.077790 
63.044529 66.238950 
66.542306 66.339684 
60.304489 63.501167 
67.649868 68.515116 
65.188560 64.472134 
63.760095 62.221582 
65.796203 65.110563 
64.499825 66.004548 
62.410215 64.783547 
62.974704 65.866063 
63.524428 64.750264 
65.607084 65.935559 
64.420422 65.854230 
64.232607 63.792769 
63.818856 66.467360 
64.198620 65.460436 
64.689539 60.091248 
62.427276 63.736731 
66.094142 68.704600 
61.115166 64.839123 
62.060991 67.216242 
62.940250 67.612427 
61.379487 61.406057 
63.614914 64.808756 
63.030908 67.008519 
66.460784 65.489293 
64.605073 65.107295 
65.429721 63.348234 
65.485445 66.296450 
62.235487 62.013833 
64.217525 63.016342 
60.458267 65.931710 
65.665443 59.887407 
66.518740 66.315845 
66.391996 62.321389 
66.261021 64.826511 
64.218838 63.858871 
63.797632 64.894471 
61.669850 64.400041 
63.767001 65.466529 
66.828265 59.655442 
67.057710 63.289152 
59.497571 63.131303 
65.089050 62.192506 
63.029744 64.621476 
63.403105 64.497783 
64.843339 61.892695 
65.618927 61.508293 
60.711652 57.745666 
66.520871 65.419946 
63.173570 64.666639 
63.403283 59.715126 
62.037827 63.275697 
63.059769 61.195690 
65.874557 64.071423 
65.199419 64.454344 
65.097715 65.016931 
62.944067 65.689547 
60.936687 65.889473 
65.736134 60.314987 
64.539599 62.868687 
63.173141 63.076401 
62.864444 61.140834 
63.371727 60.615368 
66.846740 64.818620 
62.280245 64.452882 
66.337041 61.991239 
64.478963 68.501713 
62.384580 63.837646 
63.421002 63.593389 
64.473890 66.494132 
59.937604 64.937128 
65.256495 65.269212 
65.648587 64.139499 
64.711811 63.806066 
64.532449 62.541301 
64.784581 62.198035 
63.940083 66.478957 
64.459125 64.130589 
68.090402 69.039248 
62.210241 64.114341 
62.184034 67.055864 
63.769839 63.471673 
64.253457 67.139898 
62.474006 59.573556 
63.711114 62.128768 
64.207947 66.497179 
65.483751 64.674280 
67.709825 64.170036 
63.915304 63.501572 
59.394996 67.745662 
64.545498 64.060123 
64.087748 62.751309 
62.090628 63.471869 
66.100830 66.051512 
69.035510 61.187670 
61.735861 62.177610 
64.720922 62.401452 
62.406031 62.915781 
63.920942 61.271199 
62.527263 63.921623 
63.229791 63.149880 
64.811029 65.067531 
61.261514 66.500995 
63.407726 64.157246 
66.811280 60.611569 
66.571416 62.121877 
64.589127 60.676624 
63.336703 64.630558 
60.367245 62.211707 
59.675765 63.039985 
65.320500 62.544791 
61.824673 64.803278 
61.630765 62.126644 
64.090930 58.880204 
62.964832 61.078757 
60.930022 67.294980 
63.220840 62.306101 
60.411380 66.298845 
62.591449 65.049893 
60.559476 61.431105 
62.924748 64.146181 
63.893164 63.235340 
68.548168 63.021355 
66.642538 65.477198 
66.483358 66.102809 
63.751638 62.870971 
66.568710 65.509777 
62.718400 65.865830 
64.958284 62.836897 
64.527128 62.720910 
63.522523 62.868668 
63.735604 62.836847 
62.849568 64.117702 
64.763521 67.597824 
63.200553 62.237028 
60.252329 64.298632 
65.324996 59.598334 
63.190670 61.893098 
60.856621 61.068448 
64.458760 66.112485 
64.939479 62.889374 
66.185402 59.889541 
62.469042 64.443058 
62.331559 61.240829 
67.814443 66.690316 
62.825545 66.509522 
64.535107 66.995167 
64.905451 63.190422 
65.860673 64.845425 
65.167622 62.896846 
62.394978 66.291846 
59.123711 69.011585 
66.220421 66.128371 
63.809040 62.880293 
62.656144 66.077800 
64.730888 66.844466 
62.237101 66.417485 
64.605507 62.102219 
67.884170 66.718382 
64.030241 62.145622 
66.962634 61.919628 
61.799901 64.495131 
64.267992 65.017506 
62.205110 63.091519 
62.636773 67.030166 
63.868138 63.892429 
66.587987 66.784744 
61.082443 62.737971 
64.333276 64.126068 
64.566779 64.655680 
66.682265 62.491083 
61.053525 59.269538 
64.537435 62.183643 
64.815564 65.333934 
63.243600 65.523287 
64.306083 65.641841 
62.569660 66.473437 
60.157415 60.948097 
62.080232 69.307810 
61.667621 65.485967 
64.500962 65.392843 
65.231120 65.253032 
66.118492 62.952711 
64.500914 63.070121 
61.662150 63.787790 
64.799878 64.814866 
60.317072 63.506795 
59.322301 64.408466 
63.584027 64.643070 
64.969860 64.205124 
63.600507 66.684402 
64.233967 63.670532 
64.418572 62.451045 
65.123531 62.121759 
65.807611 62.851183 
63.376103 67.939162 
64.839247 63.522441 
60.084958 67.701196 
62.209272 65.682079 
63.166947 66.579184 
63.834475 61.474279 
66.337221 65.804064 
63.290031 60.890820 
63.613347 64.504437 
66.113247 64.969304 
65.370046 62.462717 
62.201655 64.788358 
64.495141 62.088688 
60.925755 60.128370 
64.584108 58.076055 
65.986310 66.365719 
62.991269 62.979867 
64.047627 64.246956 
61.039183 61.070268 
65.225534 62.373103 
64.245651 60.623421 
69.827654 62.784569 
64.262942 59.887454 
65.803782 62.974724 
63.867340 59.751806 
63.349300 65.275801 
66.280541 63.538818 
62.097929 64.930180 
62.341679 63.743926 
62.240493 65.046681 
61.874153 65.569501 
64.931262 62.440386 
62.504785 65.407713 
62.676989 60.458599 
65.503237 60.908965 
65.113022 68.385224 
63.064086 65.362904 
64.228537 62.029357 
64.258220 64.234617 
65.709824 64.020629 
61.579261 62.564887 
63.367114 64.225909 
67.126229 65.077371 
64.747823 65.741016 
66.178188 65.051655 
64.614021 68.714421 
67.549930 61.338120 
61.634241 67.693295 
63.403864 59.635124 
62.520953 62.556963 
62.644898 64.704943 
64.621527 63.596985 
63.677860 67.492788 
62.879233 64.235700 
66.066709 63.930836 
64.229487 63.255905 
67.052985 66.490373 
62.753870 62.187506 
62.497114 64.329284 
62.976923 64.260071 
62.576945 66.863930 
58.397216 64.574349 
66.376059 64.874278 
65.808816 64.818189 
63.832270 65.619684 
61.628261 61.656828 
62.736211 67.419065 
66.735686 64.784494 
64.190515 63.084220 
61.235541 65.793259 
63.303284 65.268176 
63.322736 62.546766 
63.292197 64.340917 
64.968689 63.634388 
63.724889 60.849281 
64.635751 65.863055 
67.649953 67.709774 
65.413315 63.311207 
64.983137 67.782709 
64.070414 65.916466 
65.345180 64.125349 
66.950475 67.275772 
65.166534 62.060067 
63.772906 68.534877 
63.510752 67.839902 
64.308705 63.894961 
60.456286 67.829953 
61.106861 62.486386 
67.069951 66.435952 
62.760323 58.143061 
66.239086 65.243160 
64.572360 65.227441 
58.120711 62.665897 
64.098465 64.464744 
65.915263 63.905114 
61.381521 66.849232 
69.325137 64.404644 
62.269749 64.591059 
63.625608 66.618374 
68.084661 61.546001 
67.183745 65.045386 
66.250147 64.806542 
62.981561 64.477232 
64.879425 61.284178 
61.680344 67.158879 
64.281091 64.160773 
64.456616 64.899870 
63.174301 62.021031 
66.364500 66.378973 
62.796832 65.485632 
66.378163 62.354397 
64.033081 63.476819 
66.316534 62.545683 
63.790896 67.947159 
66.192314 62.727525 
60.608755 63.589262 
64.242171 62.044533 
66.169121 68.857028 
62.485641 59.129103 
64.124096 61.979563 
63.494652 64.176779 
65.915481 62.700276 
66.499087 64.156821 
66.463877 61.857202 
66.300607 65.531062 
65.654220 64.610074 
67.519595 60.901217 
66.461352 63.420443 
61.480593 65.434792 
63.382562 61.402530 
66.037258 62.402327 
65.245357 64.957736 
58.846575 66.263651 
63.054176 63.760414 
64.621918 62.704841 
64.804035 63.369831 
61.553510 65.890649 
63.935452 62.244824 
66.698471 62.125285 
61.981900 64.134293 
61.430472 64.246336 
64.823333 62.109516 
60.813001 61.427514 
63.971803 66.398381 
64.064477 62.049191 
60.895406 65.664449 
64.690038 62.074841 
64.819797 63.916666 
59.634497 62.610856 
63.800783 62.970416 
62.451479 67.015370 
64.326111 64.424602 
60.987700 62.690501 
62.796997 67.711461 
65.438334 64.193068 
64.882563 62.781976 
64.642594 63.271182 
66.262147 61.754000 
63.522291 63.181164 
62.892536 65.408203 
64.376217 62.292775 
66.150363 62.573453 
60.241091 65.226308 
60.952833 65.117412 
62.559818 61.808170 
64.945109 64.709738 
66.511763 65.943065 
66.532062 63.758188 
62.952630 62.223100 
64.551191 63.793101 
62.302453 65.103882 
64.721886 65.262071 
61.048093 63.334834 
63.963414 65.191351 
64.827963 63.397496 
65.175722 62.606347 
63.804246 64.151924 
64.640891 65.740863 
64.522349 62.179027 
62.800443 64.374729 
61.219957 63.529424 
63.862340 64.164796 
64.835510 67.255799 
63.492701 64.514334 
63.775529 62.789653 
62.551250 63.837271 
63.578697 64.466629 
65.622115 63.357614 
62.212305 68.517760 
67.564598 65.228609 
66.110365 63.107587 
65.299792 66.232603 
63.539884 65.907504 
63.581483 67.717728 
64.349294 66.198906 
65.639261 66.458751 
62.162786 62.921624 
60.365616 62.335853 
64.209853 63.662012 
63.328379 66.110271 
61.135347 63.677395 
67.805736 65.980117 
66.249620 65.951658 
62.465316 61.141259 
65.959888 63.629697 
63.027209 62.888843 
65.251537 61.055654 
65.023911 66.101915 
62.240577 63.913113 
67.177219 65.946705 
67.301658 65.733440 
65.848145 62.701963 
66.911820 64.820647 
64.251380 62.488130 
64.571865 65.666127 
64.124194 64.762358 
65.444740 64.602155 
62.626543 61.854427 
66.546338 63.271486 
62.596557 65.578744 
59.605835 66.695079 
68.191991 63.654292 
65.086128 63.885294 
64.550965 64.527685 
64.273458 60.282208 
60.587889 66.773846 
64.772988 70.323556 
61.569185 63.293421 
64.043870 67.902465 
63.235852 62.684768 
63.362340 62.797381 
65.408701 66.037383 
66.474951 66.240168 
68.953967 64.815648 
64.519503 63.492928 
65.533696 62.657753 
65.315141 63.797101 
63.592246 64.287864 
64.322900 61.016383 
63.291835 63.952945 
64.546482 61.532178 
62.380109 64.405358 
61.954241 66.030868 
62.759559 67.194864 
63.114295 65.913919 
61.682466 66.828705 
65.271875 62.063798 
63.899767 64.122669 
62.766133 62.607678 
61.718396 64.713783 
60.856588 64.240837 
66.133472 64.212426 
64.563452 61.912798 
68.607736 62.979984 
63.779516 64.926209 
64.494565 62.260695 
64.793190 64.659317 
65.182136 65.123648 
64.272765 64.807139 
65.500585 61.921766 
63.097266 62.825368 
65.290033 64.860807 
63.449306 64.555205 
66.866197 65.157200 
64.575000 63.404967 
62.043583 64.961137 
61.685221 64.514313 
62.718141 67.631456 
63.643107 66.863702 
63.607396 65.782945 
62.409228 65.166674 
63.541906 64.952370 
62.575741 63.510691 
66.881331 62.473246 
62.282394 63.666776 
66.344834 67.130597 
65.402583 64.795275 
63.173375 67.264702 
64.853516 65.264054 
65.242947 63.751026 
64.573751 60.426763 
63.428294 61.300111 
62.772260 63.168873 
63.204502 63.138290 
65.291646 62.467292 
65.860020 64.546065 
62.655618 63.552142 
62.885568 63.462149 
61.641497 62.578122 
63.790541 63.130124 
63.142562 68.432277 
63.981884 63.459767 
65.603785 64.393418 
62.889226 62.707377 
62.295273 60.378956 
62.902885 62.218461 
64.739306 63.164700 
69.110717 65.332111 
62.876593 62.268677 
64.039325 64.253404 
61.803113 61.838756 
62.438155 63.126683 
63.827084 61.783963 
62.737295 64.316168 
64.138776 61.810994 
63.061532 63.879368 
60.628957 65.268647 
64.778942 62.498760 
63.251477 65.112004 
64.655929 64.253836 
66.712195 59.905729 
65.208669 64.666504 
59.347152 63.003161 
64.033974 61.705648 
62.435568 63.962721 
64.292964 59.953475 
60.680933 63.400514 
63.739483 65.582762 
67.986252 64.393529 
64.391815 63.694262 
64.916803 62.011121 
65.153528 65.755483 
66.820543 62.960478 
64.124094 63.857421 
66.363643 62.432659 
66.884090 62.535286 
63.695746 64.745664 
68.633389 63.156988 
65.613838 62.855672 
63.695714 65.063603 
61.786881 66.406391 
66.486193 62.579133 
62.965460 63.668830 
67.600489 64.397060 
64.551487 64.559656 
63.293091 64.650641 
63.695556 66.115850 
63.394620 62.802237 
67.490390 63.292337 
63.365526 63.376426 
64.036068 66.655710 
62.007187 63.877745 
66.350467 62.339230 
62.240232 64.427313 
65.624907 65.277291 
64.412483 65.965593 
64.370684 63.363565 
66.672400 60.833435 
65.770873 65.544286 
66.350282 65.301918 
62.762733 64.317238 
64.606883 66.924627 
66.111305 62.737775 
66.936839 64.604115 
64.937536 67.071207 
62.901681 67.874299 
65.198018 65.514194 
67.146415 66.508936 
63.674484 65.915089 
64.888975 62.183467 
62.930663 61.475344 
63.741612 61.140308 
62.026598 64.116579 
64.712054 67.125096 
62.509468 63.215708 
65.130326 64.362137 
64.060161 67.934476 
64.009320 65.582155 
64.103098 64.360346 
63.347148 60.243161 
64.805566 65.878382 
63.623422 63.869160 
66.672660 62.578561 
65.848543 64.197343 
63.573820 64.787351 
63.118774 63.126475 
64.071829 62.228130 
65.519835 62.030130 
65.699383 65.421959 
63.193199 65.811508 
61.606844 64.007665 
63.870760 63.101203 
66.121350 64.096187 
65.194935 62.926346 
60.339109 65.707009 
61.246965 62.558279 
66.521918 65.164953 
62.945045 59.858983 
63.775674 64.197408 
65.084936 60.697283 
61.157003 62.897884 
60.880690 61.156074 
63.645387 63.714578 
59.494840 62.019550 
62.388612 61.564214 
63.883353 61.927326 
63.271664 63.944785 
63.869957 63.382197 
63.889574 64.549570 
60.182747 68.998341 
64.561266 63.611851 
66.384264 60.699197 
66.318478 65.891124 
64.369261 65.328385 
67.448677 64.026354 
62.303669 64.648201 
66.483092 64.951490 
62.724342 65.183437 
63.240337 66.152379 
63.504578 63.316912 
60.501826 62.009070 
64.623417 62.537486 
61.067511 65.705993 
65.251907 65.060098 
64.067062 61.871328 
61.394236 64.296595 
60.607728 67.346861 
63.628641 64.625664 
61.611082 68.023273 
66.305536 64.112519 
68.091430 68.663051 
62.487626 62.217952 
68.016307 62.776633 
68.465284 62.068124 
63.253713 64.746557 
62.701816 65.462308 
65.537732 68.300241 
66.809743 65.873935 
63.054551 62.965403 
67.165612 61.341491 
60.247403 61.158296 
65.274253 68.960424 
65.100325 65.310284 
63.143134 65.934277 
64.746561 67.319024 
65.584270 65.319146 
62.670363 63.361370 
63.939846 64.195804 
60.605168 69.059230 
63.036846 63.941308 
60.287770 65.775206 
61.790329 66.702346 
66.596101 62.461549 
63.663593 64.212799 
64.261231 60.845707 
65.059456 61.728966 
64.046328 62.372556 
65.328792 65.436275 
63.821684 61.332885 
66.525995 66.157032 
64.188264 61.480270 
62.025380 62.645306 
64.755837 64.203549 
59.753067 64.696136 
65.569681 64.907191 
63.583325 64.856386 
69.410044 64.278777 
64.525215 63.159893 
61.435292 63.909628 
64.114618 62.291974 
65.601339 61.947406 
63.931437 64.027206 
61.869974 62.513925 
61.893790 66.009512 
64.170176 64.527105 
61.653924 67.940625 
67.800986 64.508339 
66.565289 63.428560 
63.972853 65.239144 
62.259333 63.001463 
62.503783 64.106298 
61.363438 61.871436 
63.684650 62.704480 
65.417600 61.462255 
62.483931 62.565317 
63.415619 65.813331 
63.876237 63.668995 
61.227653 63.507312 
62.200899 62.080196 
69.574738 63.468348 
60.906995 60.562562 
68.164101 64.782744 
63.963829 61.705095 
65.379533 63.936577 
65.747160 63.720847 
67.069194 61.126786 
62.881307 63.967597 
63.258447 64.058723 
63.581488 64.936393 
62.423081 65.933376 
60.572377 65.448470 
63.903515 62.709955 
65.283456 66.975768 
65.725227 66.138432 
62.443584 66.758557 
65.802631 64.003972 
63.455333 63.258263 
65.790103 64.983348 
63.564428 67.698384 
65.174107 65.278707 
67.761431 65.489643 
63.131363 65.913041 
63.025092 63.635610 
65.814429 64.543918 
65.456866 65.662460 
65.605068 63.283745 
66.785229 63.320047 
64.061279 61.641748 
62.292871 65.158401 
63.154588 67.899178 
64.435666 63.851866 
61.583991 61.958886 
64.095714 62.356134 
63.685214 65.885905 
63.192932 60.703640 
60.594496 59.979278 
63.259689 63.335667 
64.289526 63.436031 
66.945661 60.855639 
63.624001 62.381605 
63.183762 64.538415 
64.030648 61.553568 
64.637170 64.011834 
60.859299 61.023256 
63.935089 64.070587 
65.587893 64.381307 
63.587573 65.956501 
60.938434 64.200372 
63.128428 64.427240 
65.529396 65.294786 
62.041834 64.306368 
62.302955 66.394183 
63.029302 63.661586 
63.007345 66.781542 
65.359199 62.738059 
60.992612 63.913150 
66.164196 62.698727 
68.236378 61.607317 
62.587424 63.179944 
66.536433 62.842001 
62.471544 66.068657 
61.114432 65.326849 
61.305416 61.851238 
61.727176 65.662325 
62.716367 66.662637 
64.814480 65.157931 
65.094175 65.768092 
62.538234 65.117982 
65.779422 66.982669 
63.346369 62.934760 
61.654764 63.812738 
64.336691 65.210208 
65.923669 63.713263 
58.294493 64.914411 
61.804223 64.901325 
65.574823 63.752029 
63.976246 66.294846 
66.088164 62.040214 
65.009400 63.582069 
63.930371 59.024014 
62.301956 64.338188 
65.169628 66.409835 
61.277539 63.764169 
64.780258 64.179816 
63.635889 61.511622 
65.190199 63.530177 
62.138583 65.635506 
63.637854 65.898166 
62.589280 65.479359 
65.351837 63.249626 
64.215830 64.394232 
61.191835 63.622834 
57.173040 62.271408 
63.051984 64.125011 
65.274466 64.182561 
68.184828 64.634006 
64.509065 62.261360 
65.349736 65.114316 
63.182802 65.946534 
59.103948 68.862288 
62.184657 61.307887 
63.137331 62.074643 
61.349297 65.803083 
67.012716 63.795697 
62.410571 65.373108 
58.047158 64.756635 
65.346617 64.794806 
62.821631 63.754194 
60.111609 65.223562 
64.080351 62.784643 
66.286230 65.247566 
64.017916 66.396982 
65.190222 61.903580 
66.223866 66.464598 
62.796784 62.308483 
64.489139 64.055121 
65.641821 63.456643 
62.138657 67.536293 
61.892514 67.010432 
63.713531 61.133933 
66.858761 63.563309 
64.916895 65.043339 
64.091820 63.360071 
62.718191 62.478346 
63.544758 65.292293 
67.108613 62.433185 
63.841168 59.892000 
63.112227 65.997459 
62.293878 62.304763 
62.721615 66.303424 
63.159186 65.426407 
66.283094 62.866317 
63.219260 65.679172 
62.256683 61.577881 
61.522908 62.465204 
66.482888 64.039793 
67.419910 64.759797 
61.758676 61.181421 
67.603508 62.806903 
62.491357 61.839252 
67.124370 66.998937 
66.479332 68.806787 
65.022350 60.278517 
63.970395 68.198325 
62.355383 61.980703 
64.425274 60.827679 
63.856331 62.699284 
62.868782 63.145692 
65.287547 64.542697 
64.717477 65.491640 
62.814017 62.658947 
65.432108 64.176184 
64.673347 62.216320 
66.775933 65.539761 
63.258468 63.321373 
58.674455 61.992725 
65.182995 62.728834 
65.378238 67.480976 
64.030907 59.753051 
64.513158 63.254684 
64.355126 65.425147 
60.704354 66.615547 
64.386593 64.402313 
63.381583 63.970964 
64.494500 62.552693 
66.735534 62.229895 
68.494838 61.483974 
65.597757 63.510274 
66.070693 62.687522 
67.857286 62.884196 
61.820576 64.480055 
62.292166 61.655466 
64.207084 62.673167 
67.541373 65.260978 
65.334608 63.209995 
66.373113 61.280374 
62.229316 63.743830 
63.092371 63.266841 
63.274765 64.998451 
62.582826 62.486408 
63.235985 64.960130 
65.928824 62.339963 
60.707990 63.529816 
63.924274 64.424187 
63.794818 63.033066 
64.186532 63.643834 
64.917266 65.623395 
65.130912 64.425815 
64.160723 63.621307 
61.166598 65.627230 
65.689622 63.642884 
68.134602 65.104730 
66.484571 63.985468 
62.780191 67.062685 
65.832310 64.066465 
60.752404 64.080730 
64.389120 67.265056 
62.680611 61.003516 
65.396624 66.139783 
61.824177 66.816553 
64.817383 65.924942 
64.003719 62.498364 
64.517404 64.586659 
63.219032 65.238216 
67.974842 67.534012 
65.965893 67.790891 
65.345681 63.283689 
63.910445 65.044718 
61.125557 62.026222 
65.678698 62.974179 
62.991073 67.478771 
63.160444 62.886607 
61.634400 61.503406 
63.678150 63.646538 
61.042581 62.923220 
63.718013 59.185330 
63.688526 64.026735 
61.446796 65.104202 
65.364544 65.958605 
64.925678 59.843272 
63.930393 66.289458 
62.000969 63.248547 
63.622363 61.521309 
64.135236 65.405427 
62.736585 60.191504 
62.693455 68.159778 
63.389578 68.129829 
70.475374 61.141219 
61.943016 65.940482 
59.667724 64.704113 
65.384608 62.518897 
62.857673 65.550378 
64.712953 63.461958 
62.301682 63.264191 
63.576962 61.456515 
64.853150 64.160139 
63.059094 61.182298 
63.988038 65.103586 
64.303442 64.395899 
63.186829 64.930685 
62.349871 66.984626 
63.358455 61.628803 
64.176931 63.554303 
66.373471 65.493282 
63.144120 64.175503 
62.291577 64.939852 
62.473743 62.073787 
64.404791 64.760012 
61.962330 63.502210 
63.780172 64.613003 
62.648984 59.958912 
63.500099 68.381480 
62.070659 66.314909 
65.883000 63.337782 
63.703951 65.555938 
63.704363 68.059751 
65.690253 63.747002 
64.424746 64.498824 
63.684842 60.971533 
63.166923 64.622146 
66.427422 62.718604 
63.756694 66.107094 
63.924915 64.073894 
61.796880 61.558075 
64.220144 65.483613 
64.202022 65.007032 
62.903384 64.572009 
66.184537 66.876062 
66.760171 64.913527 
61.222807 62.381082 
64.152876 62.716894 
62.859373 63.367414 
64.369871 62.392698 
65.220943 63.407772 
60.825801 66.129086 
64.829200 66.556772 
62.835072 63.988554 
61.072922 64.217039 
63.950972 64.910626 
65.549453 65.658689 
63.436101 62.618055 
67.397580 64.099155 
65.440604 62.239877 
66.941100 62.755677 
65.091705 68.406468 
64.161354 64.706402 
65.284771 63.057974 
65.767371 65.448593 
63.282624 66.953234 
65.144039 62.984335 
66.045271 61.659581 
65.540305 66.044986 
66.145608 61.307305 
63.351819 62.026305 
60.763833 62.940938 
66.741145 64.757134 
68.571041 64.122196 
62.053012 62.666790 
63.516707 66.348080 
64.284100 65.683784 
64.745588 60.499156 
61.559523 63.501814 
62.587829 65.979607 
64.316907 59.609628 
63.596638 62.471131 
64.517729 63.297435 
63.204837 65.606869 
65.868585 64.718003 
66.513522 62.749114 
68.517789 60.130097 
66.462029 64.561723 
65.945093 64.623687 
63.841725 65.861849 
61.597889 63.560551 
63.184459 65.840980 
67.082787 65.006399 
65.128375 66.599860 
64.204189 61.898559 
60.686902 60.716552 
64.054969 64.494043 
61.744212 63.180373 
65.695894 66.309742 
61.706366 62.079966 
65.888308 62.698543 
62.850996 63.402988 
65.414123 65.548263 
61.546804 63.742810 
65.135653 61.847781 
64.046115 66.455207 
63.380639 62.384235 
62.103793 65.765456 
64.851359 65.767198 
63.102654 64.320135 
65.782981 63.447947 
68.168566 60.960934 
65.768316 64.669754 
63.466456 59.821807 
64.759388 63.593295 
66.234986 63.411693 
66.383091 63.042739 
64.688209 63.079203 
65.659515 60.618373 
65.195758 61.660645 
66.474134 66.361207 
64.708644 65.308897 
67.180871 65.378926 
63.461764 65.923941 
67.746751 61.639708 
62.778154 65.804878 
62.872866 65.578019 
64.225433 66.311802 
66.655497 62.179680 
65.163211 64.678872 
63.362235 67.051447 
63.307514 65.313331 
62.630272 61.844577 
60.448279 61.486172 
67.547402 64.597737 
66.513071 65.138377 
66.865947 66.337159 
65.522465 64.196774 
64.996133 62.138868 
65.165357 64.790534 
60.882149 66.169592 
65.645616 64.944528 
64.701428 64.939170 
65.829056 65.064148 
62.488679 66.940038 
69.205505 61.609313 
66.787820 62.738557 
60.704353 59.078171 
62.993422 61.745978 
63.833473 61.637794 
65.183385 68.755487 
62.945636 64.192263 
64.495472 62.237166 
64.873238 66.737679 
64.305871 65.198251 
66.288545 62.211540 
61.847971 61.954969 
62.101564 62.829736 
63.512313 63.442165 
64.309331 67.714585 
63.680797 59.139368 
61.918422 61.466266 
66.515069 64.063775 
65.423341 64.131811 
63.433940 66.454433 
65.176544 62.767899 
63.724541 62.607030 
64.628086 64.928142 
65.663800 65.933807 
62.064311 62.154958 
63.713080 65.252863 
65.896922 62.493215 
62.538979 63.381894 
62.950054 67.500890 
65.979091 65.046278 
64.146048 63.044006 
66.387679 65.757154 
60.869870 66.198343 
68.117845 62.479254 
63.124479 67.383877 
62.480581 60.866256 
62.893738 65.477227 
64.215603 64.395984 
62.917032 65.112466 
64.423534 62.514496 
61.525872 63.170420 
65.160377 63.187111 
63.924294 65.411267 
64.246495 64.508592 
65.502369 66.457899 
61.049785 65.686462 
64.032639 63.200071 
62.964629 64.693457 
62.708152 65.018123 
63.969473 63.238751 
62.534115 63.566814 
65.642053 63.873581 
63.518333 62.349426 
62.835590 64.603431 
67.230257 61.315720 
62.963446 64.781737 
61.215523 66.110395 
63.401880 66.463631 
61.466270 62.857215 
63.025671 66.617955 
61.004491 62.145099 
65.017332 61.656568 
67.425061 65.592441 
64.059153 61.603600 
64.083687 64.168119 
63.787641 59.317778 
66.402501 60.829075 
65.164052 64.652322 
64.793795 64.072406 
61.851192 63.272539 
66.528452 62.391189 
61.624557 63.847517 
61.078879 67.532766 
62.972858 64.651221 
67.076689 61.593214 
62.263467 63.825745 
66.876926 63.155940 
68.384140 64.131134 
61.704845 68.043055 
64.900304 65.651013 
63.769933 62.766836 
60.453021 65.582948 
63.100861 63.290214 
63.242195 65.441993 
64.507581 65.588891 
63.745680 65.321311 
62.132368 62.766565 
61.062702 62.702052 
64.757819 65.113789 
67.276173 66.821945 
62.986126 61.815614 
63.144568 64.429623 
64.157854 62.424980 
61.848106 61.896581 
60.414953 62.372474 
62.830738 65.520988 
61.867386 63.366734 
63.260507 61.254262 
62.906059 61.648797 
64.667288 65.162939 
65.371643 59.952055 
67.171227 65.883368 
64.970249 65.575752 
63.826960 66.991681 
63.129131 59.318794 
64.238544 67.214934 
61.575971 62.538542 
64.576407 66.641049 
59.961210 67.641353 
62.610383 63.105773 
64.361231 64.924525 
66.655291 62.969771 
62.191284 63.876436 
63.906588 63.473878 
64.474840 64.513643 
64.450154 61.616216 
58.106967 63.342172 
64.765385 65.876135 
60.642936 62.915479 
64.565477 65.899434 
66.186843 64.262374 
65.436207 62.292810 
65.097127 61.440607 
65.013562 67.001883 
61.286597 64.638880 
62.350623 62.826827 
59.042206 61.964739 
65.617181 64.411947 
62.749629 62.996517 
66.130241 62.858637 
63.599587 63.269848 
62.806152 62.276883 
64.558908 65.310708 
62.715592 62.395532 
63.022178 65.959195 
61.817375 64.233356 
63.248083 63.059293 
62.972339 64.755193 
64.118561 64.134863 
65.637965 62.585253 
63.430744 63.740298 
66.620852 65.414760 
66.524204 65.370085 
65.680627 64.184532 
66.148524 65.526062 
62.240972 67.296568 
63.833147 58.797624 
61.676300 60.432438 
64.775875 65.937492 
64.480403 64.933514 
63.791111 66.710393 
62.117798 66.200512 
62.276871 65.129090 
60.367043 59.573394 
60.784821 61.091357 
61.415249 64.780492 
63.641096 61.624970 
66.506753 67.002346 
64.581111 64.223982 
62.143820 66.497659 
63.766811 61.194356 
62.951221 62.501917 
64.447618 57.289920 
65.157890 66.540705 
62.508960 65.508415 
64.886599 62.279501 
62.823469 65.649068 
66.424254 67.434908 
65.858857 64.763009 
63.652214 60.247837 
63.130050 62.902589 
65.094043 64.344482 
65.659174 66.028017 
64.752372 63.585913 
64.378609 64.262604 
60.648161 64.631536 
64.827940 63.781411 
60.651418 64.430298 
63.418788 65.250073 
65.865067 63.686327 
62.144104 67.480057 
59.686794 66.334468 
66.216638 63.345360 
64.503574 60.836556 
65.255393 61.624429 
60.741642 58.906465 
63.651657 65.799381 
67.628240 60.758511 
60.604811 66.126398 
61.906311 61.849364 
65.132491 64.226473 
59.450595 62.996526 
63.098969 64.294183 
63.772683 62.239594 
62.507251 60.231678 
63.379917 62.169280 
60.398316 63.249627 
64.351678 63.309233 
66.102083 66.108348 
63.692284 62.993200 
64.193406 67.698348 
61.720199 67.277730 
63.570146 67.906877 
64.528718 58.680504 
63.444219 61.986084 
63.892423 62.011505 
64.380348 63.778122 
64.415538 63.137790 
64.290147 65.549007 
62.334970 64.955774 
62.852725 65.644967 
65.252615 64.795666 
61.389776 66.161685 
66.175995 67.191194 
66.139921 60.959122 
65.619708 66.054474 
68.366468 64.162136 
63.375750 65.029904 
61.304555 66.443843 
62.127827 64.552576 
63.635249 61.265879 
65.070804 63.681009 
65.112244 64.733809 
63.600141 64.607353 
64.581504 66.309749 
64.290139 64.425007 
61.910684 63.053822 
64.071830 63.152992 
64.912396 61.425484 
66.570359 63.231299 
